dataset_tissue,Unnamed: 0,Number of Cells,Number of Genes,Number of Cell Types,Number of Non-Zero Entries in X,cell,cell_type,disease_origin,tissue,sampled_cell,cell_type (sampled),disease_sampled,assay,assay_sampled,dataset_id,queryed,cta_actinn,cta_actinn_best_yaml,cta_actinn_best_res,cta_actinn_run_stats,cta_actinn_check,cta_actinn_step2_best_yaml,cta_actinn_step2_best_res,cta_celltypist,cta_celltypist_best_yaml,cta_celltypist_best_res,cta_celltypist_run_stats,cta_celltypist_check,cta_celltypist_step2_best_yaml,cta_celltypist_step2_best_res,cta_scdeepsort,cta_scdeepsort_best_yaml,cta_scdeepsort_best_res,cta_scdeepsort_run_stats,cta_scdeepsort_check,cta_scdeepsort_step2_best_yaml,cta_scdeepsort_step2_best_res,cta_singlecellnet,cta_singlecellnet_best_yaml,cta_singlecellnet_best_res,cta_singlecellnet_run_stats,cta_singlecellnet_check,cta_singlecellnet_step2_best_yaml,cta_singlecellnet_step2_best_res,species,tissuecta,dataset,split,data_fname,data_url,dataset_idcta
3faad104-2ab8-4434-816d-474d8d2641db_Blood,0.0,10000.0,18977.0,29.0,9434713.0,1248980.0,"['CD14-low, CD16-positive monocyte', 'CD14-positive monocyte', 'CD16-negative, CD56-bright natural killer cell, human', 'CD4-positive, alpha-beta T cell', 'CD4-positive, alpha-beta cytotoxic T cell', 'CD8-positive, alpha-beta T cell', 'central memory CD4-positive, alpha-beta T cell', 'central memory CD8-positive, alpha-beta T cell', 'conventional dendritic cell', 'dendritic cell', 'double negative thymocyte', 'effector memory CD4-positive, alpha-beta T cell', 'effector memory CD8-positive, alpha-beta T cell', 'erythrocyte', 'gamma-delta T cell', 'hematopoietic precursor cell', 'innate lymphoid cell', 'memory B cell', 'mucosal invariant T cell', 'naive B cell', 'naive thymus-derived CD4-positive, alpha-beta T cell', 'naive thymus-derived CD8-positive, alpha-beta T cell', 'natural killer cell', 'peripheral blood mononuclear cell', 'plasmablast', 'plasmacytoid dendritic cell', 'platelet', 'regulatory T cell', 'transitional stage B cell']",['normal'],Blood,10000.0,"['CD14-low, CD16-positive monocyte', 'CD14-positive monocyte', 'CD16-negative, CD56-bright natural killer cell, human', 'CD4-positive, alpha-beta T cell', 'CD4-positive, alpha-beta cytotoxic T cell', 'CD8-positive, alpha-beta T cell', 'central memory CD4-positive, alpha-beta T cell', 'central memory CD8-positive, alpha-beta T cell', 'conventional dendritic cell', 'dendritic cell', 'double negative thymocyte', 'effector memory CD4-positive, alpha-beta T cell', 'effector memory CD8-positive, alpha-beta T cell', 'erythrocyte', 'gamma-delta T cell', 'hematopoietic precursor cell', 'innate lymphoid cell', 'memory B cell', 'mucosal invariant T cell', 'naive B cell', 'naive thymus-derived CD4-positive, alpha-beta T cell', 'naive thymus-derived CD8-positive, alpha-beta T cell', 'natural killer cell', 'peripheral blood mononuclear cell', 'plasmablast', 'plasmacytoid dendritic cell', 'platelet', 'regulatory T cell', 'transitional stage B cell']",['normal'],"[""10x 3' v2""]","[""10x 3' v2""]",3faad104-2ab8-4434-816d-474d8d2641db,0.0,"step2:https://wandb.ai/xzy11632/dance-dev/sweeps/z9rd54w6|step3:https://wandb.ai/xzy11632/dance-dev/sweeps/zmtcqm7d,https://wandb.ai/xzy11632/dance-dev/sweeps/5pp9fjp9,https://wandb.ai/xzy11632/dance-dev/sweeps/ef2e5bnl","- type: filter.gene
  target: FilterGenesPercentile
  params: {}
- type: normalize
  target: Log1P
  params: {}
- type: filter.gene
  target: FilterGenesTopK
  params:
    num_genes: 3000
- type: feature.cell
  params:
    out: feature.cell
    log_level: INFO
  target: GaussRandProjFeature
- type: misc
  target: SetConfig
  params:
    config_dict:
      feature_channel: feature.cell
      label_channel: cell_type
",0.238499999046326,all_total_runs:168|all_finished_runs:161|step2_total_runs:108|step2_finished_runs:102|step3_0_total_runs:20|step3_0_finished_runs:19|step3_1_total_runs:20|step3_1_finished_runs:20|step3_2_total_runs:20|step3_2_finished_runs:20|finished_rate:95.83%,False,"- type: filter.gene
  target: FilterGenesPercentile
  params: {}
- type: normalize
  target: Log1P
  params: {}
- type: filter.gene
  target: FilterGenesTopK
  params:
    num_genes: 3000
- type: feature.cell
  params:
    out: feature.cell
    log_level: INFO
  target: GaussRandProjFeature
- type: misc
  target: SetConfig
  params:
    config_dict:
      feature_channel: feature.cell
      label_channel: cell_type
",0.238499999046326,"step2:https://wandb.ai/xzy11632/dance-dev/sweeps/mm9oaubx|step3:https://wandb.ai/xzy11632/dance-dev/sweeps/7p41lj2n,https://wandb.ai/xzy11632/dance-dev/sweeps/fmo7o8yx,https://wandb.ai/xzy11632/dance-dev/sweeps/4tzw36eu","- type: filter.gene
  target: FilterGenesPercentile
  params:
    min_val: 2
    max_val: 97
    mode: cv
- type: normalize
  target: NormalizePlaceHolder
- type: filter.gene
  target: FilterGenesTopK
  params:
    num_genes: 1812
    top: true
    mode: cv
- type: feature.cell
  target: GaussRandProjFeature
  params:
    out: feature.cell
    log_level: INFO
    n_components: 170
- type: misc
  target: SetConfig
  params:
    config_dict:
      feature_channel: feature.cell
      label_channel: cell_type
",0.232999995350838,all_total_runs:133|all_finished_runs:128|step2_total_runs:90|step2_finished_runs:88|step3_0_total_runs:20|step3_0_finished_runs:20|step3_1_total_runs:20|step3_1_finished_runs:20|step3_2_total_runs:3|step3_2_finished_runs:0|finished_rate:96.24%,0.0,"- type: filter.gene
  target: FilterGenesScanpyOrder
  params:
    order:
    - min_counts
    - min_cells
    - max_counts
    - max_cells
    min_counts: 0.01
    max_counts: 0.99
    min_cells: 0.01
    max_cells: 0.99
- type: normalize
  target: NormalizeTotal
  params: {}
- type: filter.gene
  target: FilterGenesTopK
  params:
    num_genes: 3000
- type: feature.cell
  params:
    out: feature.cell
    log_level: INFO
  target: GaussRandProjFeature
- type: misc
  target: SetConfig
  params:
    config_dict:
      feature_channel: feature.cell
      label_channel: cell_type
",0.222000002861023,"step2:https://wandb.ai/xzy11632/dance-dev/sweeps/53s6q141|step3:https://wandb.ai/xzy11632/dance-dev/sweeps/jzscixfd,https://wandb.ai/xzy11632/dance-dev/sweeps/jvnovw4d,https://wandb.ai/xzy11632/dance-dev/sweeps/y796f8xp","- type: filter.gene
  target: FilterGenesScanpyOrder
  params:
    order:
    - min_counts
    - min_cells
    - max_counts
    - max_cells
    min_counts: 0.01
    max_counts: 0.99
    min_cells: 0.01
    max_cells: 0.99
- type: normalize
  target: NormalizeTotalLog1P
  params: {}
- type: filter.gene
  target: HighlyVariableGenesLogarithmizedByTopGenes
  params:
    n_top_genes: 3000
- type: feature.cell
  params:
    out: feature.cell
    log_level: INFO
    split_name: train
  target: WeightedFeatureSVD
- type: graph.cell
  target: CellFeatureGraph
  params:
    cell_feature_channel: feature.cell
- type: misc
  target: SetConfig
  params:
    config_dict:
      label_channel: cell_type
",0.24099999666214,all_total_runs:90|all_finished_runs:83|step2_total_runs:30|step2_finished_runs:24|step3_0_total_runs:20|step3_0_finished_runs:20|step3_1_total_runs:20|step3_1_finished_runs:20|step3_2_total_runs:20|step3_2_finished_runs:19|finished_rate:92.22%,False,"- type: filter.gene
  target: FilterGenesScanpyOrder
  params:
    order:
    - min_counts
    - min_cells
    - max_counts
    - max_cells
    min_counts: 0.01
    max_counts: 0.99
    min_cells: 0.01
    max_cells: 0.99
- type: normalize
  target: NormalizeTotalLog1P
  params: {}
- type: filter.gene
  target: HighlyVariableGenesLogarithmizedByTopGenes
  params:
    n_top_genes: 3000
- type: feature.cell
  params:
    out: feature.cell
    log_level: INFO
    split_name: train
  target: WeightedFeatureSVD
- type: graph.cell
  target: CellFeatureGraph
  params:
    cell_feature_channel: feature.cell
- type: misc
  target: SetConfig
  params:
    config_dict:
      label_channel: cell_type
",0.24099999666214,"step2:https://wandb.ai/xzy11632/dance-dev/sweeps/yyhp4pd3|step3:https://wandb.ai/xzy11632/dance-dev/sweeps/3nsqa14d,https://wandb.ai/xzy11632/dance-dev/sweeps/ordtvsmo,https://wandb.ai/xzy11632/dance-dev/sweeps/jb69zfnd","- type: filter.gene
  target: FilterGenesPercentile
  params: {}
- type: normalize
  target: NormalizeTotal
  params: {}
- type: filter.gene
  target: FilterGenesNumberPlaceHolder
  params: {}
- type: feature.cell
  target: SCNFeature
- type: misc
  target: SetConfig
  params:
    config_dict:
      feature_channel: SCNFeature
      label_channel: cell_type
",0.2265,all_total_runs:78|all_finished_runs:50|step2_total_runs:18|step2_finished_runs:15|step3_0_total_runs:20|step3_0_finished_runs:0|step3_1_total_runs:20|step3_1_finished_runs:18|step3_2_total_runs:20|step3_2_finished_runs:17|finished_rate:64.10%,False,"- type: filter.gene
  target: FilterGenesPercentile
  params: {}
- type: normalize
  target: NormalizeTotal
  params: {}
- type: filter.gene
  target: FilterGenesNumberPlaceHolder
  params: {}
- type: feature.cell
  target: SCNFeature
- type: misc
  target: SetConfig
  params:
    config_dict:
      feature_channel: SCNFeature
      label_channel: cell_type
",0.2265,human,Blood,10000,train,train_human_Blood3faad104-2ab8-4434-816d-474d8d2641db_data.h5ad,https://www.dropbox.com/scl/fi/gygnlfkfdxd0av7vrvub3/human_Blood3faad104-2ab8-4434-816d-474d8d2641db_data.h5ad?rlkey=s3uobbze9qhbrrd2u3qkqbtw6&st=2ignoyi8&dl=1,3faad104-2ab8-4434-816d-474d8d2641db
2adb1f8a-a6b1-4909-8ee8-484814e2d4bf_Blood,1.0,10000.0,7614.0,13.0,3547278.0,40360.0,"['B cell', 'T cell', 'alternatively activated macrophage', 'chondrocyte', 'cord blood hematopoietic stem cell', 'dendritic cell', 'endothelial cell', 'epithelial cell', 'erythroid lineage cell', 'erythroid progenitor cell', 'macrophage', 'mast cell', 'monocyte', 'neutrophil', 'plasma cell', 'primordial germ cell', 'professional antigen presenting cell']",['normal'],Blood,10000.0,"['B cell', 'T cell', 'cord blood hematopoietic stem cell', 'dendritic cell', 'endothelial cell', 'epithelial cell', 'erythroid lineage cell', 'erythroid progenitor cell', 'monocyte', 'neutrophil', 'plasma cell', 'primordial germ cell', 'professional antigen presenting cell']",['normal'],['microwell-seq'],['microwell-seq'],2adb1f8a-a6b1-4909-8ee8-484814e2d4bf,0.0,"step2:https://wandb.ai/xzy11632/dance-dev/sweeps/ev7wt259|step3:https://wandb.ai/xzy11632/dance-dev/sweeps/jvi8sypw,https://wandb.ai/xzy11632/dance-dev/sweeps/9qzvfgxo,https://wandb.ai/xzy11632/dance-dev/sweeps/etx1iy9q","- type: filter.gene
  target: FilterGenesScanpyOrder
  params:
    order:
    - min_counts
    - min_cells
    - max_counts
    - max_cells
    min_counts: 0.01
    max_counts: 0.99
    min_cells: 0.01
    max_cells: 0.99
- type: normalize
  target: NormalizeTotalLog1P
  params: {}
- type: filter.gene
  target: FilterGenesTopK
  params:
    num_genes: 3000
- type: feature.cell
  params:
    out: feature.cell
    log_level: INFO
    split_name: train
  target: WeightedFeaturePCA
- type: misc
  target: SetConfig
  params:
    config_dict:
      feature_channel: feature.cell
      label_channel: cell_type
",0.28999999165535,all_total_runs:168|all_finished_runs:155|step2_total_runs:108|step2_finished_runs:103|step3_0_total_runs:20|step3_0_finished_runs:19|step3_1_total_runs:20|step3_1_finished_runs:13|step3_2_total_runs:20|step3_2_finished_runs:20|finished_rate:92.26%,False,"- type: filter.gene
  target: FilterGenesScanpyOrder
  params:
    order:
    - min_counts
    - min_cells
    - max_counts
    - max_cells
    min_counts: 0.01
    max_counts: 0.99
    min_cells: 0.01
    max_cells: 0.99
- type: normalize
  target: NormalizeTotalLog1P
  params: {}
- type: filter.gene
  target: FilterGenesTopK
  params:
    num_genes: 3000
- type: feature.cell
  params:
    out: feature.cell
    log_level: INFO
    split_name: train
  target: WeightedFeaturePCA
- type: misc
  target: SetConfig
  params:
    config_dict:
      feature_channel: feature.cell
      label_channel: cell_type
",0.28999999165535,"step2:https://wandb.ai/xzy11632/dance-dev/sweeps/h6p53v71|step3:https://wandb.ai/xzy11632/dance-dev/sweeps/r1sf29hq,https://wandb.ai/xzy11632/dance-dev/sweeps/thw83akq,https://wandb.ai/xzy11632/dance-dev/sweeps/b8x90mpw","- type: filter.gene
  target: FilterGenesPercentile
  params: {}
- type: normalize
  target: Log1P
  params: {}
- type: filter.gene
  target: FilterGenesRegression
  params:
    num_genes: 3000
- type: feature.cell
  params:
    out: feature.cell
    log_level: INFO
  target: FeatureCellPlaceHolder
- type: misc
  target: SetConfig
  params:
    config_dict:
      feature_channel: feature.cell
      label_channel: cell_type
",0.246999993920326,all_total_runs:150|all_finished_runs:129|step2_total_runs:90|step2_finished_runs:89|step3_0_total_runs:20|step3_0_finished_runs:20|step3_1_total_runs:20|step3_1_finished_runs:0|step3_2_total_runs:20|step3_2_finished_runs:20|finished_rate:86.00%,0.0,"- type: filter.gene
  target: FilterGenesPercentile
  params: {}
- type: normalize
  target: Log1P
  params: {}
- type: filter.gene
  target: FilterGenesRegression
  params:
    num_genes: 3000
- type: feature.cell
  params:
    out: feature.cell
    log_level: INFO
  target: FeatureCellPlaceHolder
- type: misc
  target: SetConfig
  params:
    config_dict:
      feature_channel: feature.cell
      label_channel: cell_type
",0.246999993920326,"step2:https://wandb.ai/xzy11632/dance-dev/sweeps/7nkixm5t|step3:https://wandb.ai/xzy11632/dance-dev/sweeps/wb0ir4mv,https://wandb.ai/xzy11632/dance-dev/sweeps/6cej9579,https://wandb.ai/xzy11632/dance-dev/sweeps/xco1rvbg","- type: filter.gene
  target: FilterGenesPlaceHolder
  params: {}
- type: normalize
  target: Log1P
  params: {}
- type: filter.gene
  target: FilterGenesTopK
  params:
    num_genes: 3000
- type: feature.cell
  params:
    out: feature.cell
    log_level: INFO
    split_name: train
  target: WeightedFeaturePCA
- type: graph.cell
  target: CellFeatureGraph
  params:
    cell_feature_channel: feature.cell
- type: misc
  target: SetConfig
  params:
    config_dict:
      label_channel: cell_type
",0.287499994039536,all_total_runs:90|all_finished_runs:85|step2_total_runs:30|step2_finished_runs:30|step3_0_total_runs:20|step3_0_finished_runs:20|step3_1_total_runs:20|step3_1_finished_runs:17|step3_2_total_runs:20|step3_2_finished_runs:18|finished_rate:94.44%,False,"- type: filter.gene
  target: FilterGenesPlaceHolder
  params: {}
- type: normalize
  target: Log1P
  params: {}
- type: filter.gene
  target: FilterGenesTopK
  params:
    num_genes: 3000
- type: feature.cell
  params:
    out: feature.cell
    log_level: INFO
    split_name: train
  target: WeightedFeaturePCA
- type: graph.cell
  target: CellFeatureGraph
  params:
    cell_feature_channel: feature.cell
- type: misc
  target: SetConfig
  params:
    config_dict:
      label_channel: cell_type
",0.287499994039536,"step2:https://wandb.ai/xzy11632/dance-dev/sweeps/kiraddfv|step3:https://wandb.ai/xzy11632/dance-dev/sweeps/ojhzo04s,https://wandb.ai/xzy11632/dance-dev/sweeps/drf5sfpt,https://wandb.ai/xzy11632/dance-dev/sweeps/u2veg5bg","- type: filter.gene
  target: FilterGenesScanpyOrder
  params:
    order:
    - min_counts
    - min_cells
    - max_cells
    - max_counts
    min_counts: 117
    min_cells: 0.03132900102532581
    max_counts: 0.959970072890678
    max_cells: 0.960339328399294
- type: normalize
  target: ScaleFeature
  params:
    mode: minmax
    eps: 0.5
- type: filter.gene
  target: FilterGenesNumberPlaceHolder
- type: feature.cell
  target: SCNFeature
- type: misc
  target: SetConfig
  params:
    config_dict:
      feature_channel: SCNFeature
      label_channel: cell_type
",0.265,all_total_runs:78|all_finished_runs:75|step2_total_runs:18|step2_finished_runs:16|step3_0_total_runs:20|step3_0_finished_runs:19|step3_1_total_runs:20|step3_1_finished_runs:20|step3_2_total_runs:20|step3_2_finished_runs:20|finished_rate:96.15%,False,"- type: filter.gene
  target: FilterGenesPercentile
  params: {}
- type: normalize
  target: Log1P
  params: {}
- type: filter.gene
  target: FilterGenesNumberPlaceHolder
  params: {}
- type: feature.cell
  target: SCNFeature
- type: misc
  target: SetConfig
  params:
    config_dict:
      feature_channel: SCNFeature
      label_channel: cell_type
",0.2635,human,Blood,10000,train,train_human_Blood2adb1f8a-a6b1-4909-8ee8-484814e2d4bf_data.h5ad,https://www.dropbox.com/scl/fi/xfw2youc9jb2ob9oun26c/human_Blood2adb1f8a-a6b1-4909-8ee8-484814e2d4bf_data.h5ad?rlkey=imvru6vfwile7rrwqjedevhnm&st=khi36f85&dl=1,2adb1f8a-a6b1-4909-8ee8-484814e2d4bf
d9b4bc69-ed90-4f5f-99b2-61b0681ba436_Blood,2.0,10000.0,10155.0,6.0,15588997.0,20000.0,"['IgA plasmablast', 'IgG plasmablast', 'memory B cell', 'naive B cell', 'plasmablast', 'transitional stage B cell']","['COVID-19', 'normal']",Blood,10000.0,"['IgA plasmablast', 'IgG plasmablast', 'memory B cell', 'naive B cell', 'plasmablast', 'transitional stage B cell']","['COVID-19', 'normal']","[""10x 3' v2"", ""10x 3' v3"", 'Seq-Well']","[""10x 3' v2"", ""10x 3' v3"", 'Seq-Well']",d9b4bc69-ed90-4f5f-99b2-61b0681ba436,0.0,step2:https://wandb.ai/xzy11632/dance-dev/sweeps/f4p6otdw|step3:,"- type: filter.gene
  target: FilterGenesPercentile
  params: {}
- type: normalize
  target: ScTransform
  params:
    processes_num: 8
- type: filter.gene
  target: FilterGenesNumberPlaceHolder
  params: {}
- type: feature.cell
  params:
    out: feature.cell
    log_level: INFO
    split_name: train
  target: WeightedFeatureSVD
- type: misc
  target: SetConfig
  params:
    config_dict:
      feature_channel: feature.cell
      label_channel: cell_type
",0.432500004768372,all_total_runs:108|all_finished_runs:81|step2_total_runs:108|step2_finished_runs:81|finished_rate:75.00%,False,"- type: filter.gene
  target: FilterGenesPercentile
  params: {}
- type: normalize
  target: ScTransform
  params:
    processes_num: 8
- type: filter.gene
  target: FilterGenesNumberPlaceHolder
  params: {}
- type: feature.cell
  params:
    out: feature.cell
    log_level: INFO
    split_name: train
  target: WeightedFeatureSVD
- type: misc
  target: SetConfig
  params:
    config_dict:
      feature_channel: feature.cell
      label_channel: cell_type
",0.432500004768372,"step2:https://wandb.ai/xzy11632/dance-dev/sweeps/hiw1i6dv|step3:https://wandb.ai/xzy11632/dance-dev/sweeps/uyfbedj6,https://wandb.ai/xzy11632/dance-dev/sweeps/nxfwkvqr,https://wandb.ai/xzy11632/dance-dev/sweeps/o5v95334","- type: filter.gene
  target: FilterGenesPercentile
  params:
    min_val: 8
    max_val: 97
    mode: var
- type: normalize
  target: ScaleFeature
  params:
    mode: standardize
    eps: 0.7
- type: filter.gene
  target: HighlyVariableGenesLogarithmizedByTopGenes
  params:
    n_top_genes: 3754
    n_bins: 28
    flavor: cell_ranger
- type: feature.cell
  target: WeightedFeaturePCA
  params:
    out: feature.cell
    log_level: INFO
    n_components: 634
    feat_norm_mode: standardize
- type: misc
  target: SetConfig
  params:
    config_dict:
      feature_channel: feature.cell
      label_channel: cell_type
",0.423500001430511,all_total_runs:133|all_finished_runs:130|step2_total_runs:90|step2_finished_runs:90|step3_0_total_runs:3|step3_0_finished_runs:0|step3_1_total_runs:20|step3_1_finished_runs:20|step3_2_total_runs:20|step3_2_finished_runs:20|finished_rate:97.74%,0.0,"- type: filter.gene
  target: FilterGenesScanpyOrder
  params:
    order:
    - min_counts
    - min_cells
    - max_counts
    - max_cells
    min_counts: 0.01
    max_counts: 0.99
    min_cells: 0.01
    max_cells: 0.99
- type: normalize
  target: ScTransform
  params:
    processes_num: 8
- type: filter.gene
  target: FilterGenesTopK
  params:
    num_genes: 3000
- type: feature.cell
  params:
    out: feature.cell
    log_level: INFO
    split_name: train
  target: WeightedFeaturePCA
- type: misc
  target: SetConfig
  params:
    config_dict:
      feature_channel: feature.cell
      label_channel: cell_type
",0.371499985456467,step2:https://wandb.ai/xzy11632/dance-dev/sweeps/3ltbzuw1|step3:,"- type: filter.gene
  target: FilterGenesPlaceHolder
  params: {}
- type: normalize
  target: Log1P
  params: {}
- type: filter.gene
  target: FilterGenesTopK
  params:
    num_genes: 3000
- type: feature.cell
  params:
    out: feature.cell
    log_level: INFO
    split_name: train
  target: WeightedFeaturePCA
- type: graph.cell
  target: CellFeatureGraph
  params:
    cell_feature_channel: feature.cell
- type: misc
  target: SetConfig
  params:
    config_dict:
      label_channel: cell_type
",0.453500002622604,all_total_runs:30|all_finished_runs:30|step2_total_runs:30|step2_finished_runs:30|finished_rate:100.00%,False,"- type: filter.gene
  target: FilterGenesPlaceHolder
  params: {}
- type: normalize
  target: Log1P
  params: {}
- type: filter.gene
  target: FilterGenesTopK
  params:
    num_genes: 3000
- type: feature.cell
  params:
    out: feature.cell
    log_level: INFO
    split_name: train
  target: WeightedFeaturePCA
- type: graph.cell
  target: CellFeatureGraph
  params:
    cell_feature_channel: feature.cell
- type: misc
  target: SetConfig
  params:
    config_dict:
      label_channel: cell_type
",0.453500002622604,"step2:https://wandb.ai/xzy11632/dance-dev/sweeps/elheucyi|step3:https://wandb.ai/xzy11632/dance-dev/sweeps/vpg26ntk,https://wandb.ai/xzy11632/dance-dev/sweeps/tn0np4f2,https://wandb.ai/xzy11632/dance-dev/sweeps/59zd6m7r","- type: filter.gene
  target: FilterGenesScanpyOrder
  params:
    order:
    - min_counts
    - min_cells
    - max_counts
    - max_cells
    min_counts: 0.01
    max_counts: 0.99
    min_cells: 0.01
    max_cells: 0.99
- type: normalize
  target: ScTransform
  params:
    processes_num: 8
- type: filter.gene
  target: HighlyVariableGenesLogarithmizedByMeanAndDisp
  params: {}
- type: feature.cell
  target: SCNFeature
- type: misc
  target: SetConfig
  params:
    config_dict:
      feature_channel: SCNFeature
      label_channel: cell_type
",0.452,all_total_runs:78|all_finished_runs:19|step2_total_runs:18|step2_finished_runs:18|step3_0_total_runs:20|step3_0_finished_runs:0|step3_1_total_runs:20|step3_1_finished_runs:1|step3_2_total_runs:20|step3_2_finished_runs:0|finished_rate:24.36%,True,"- type: filter.gene
  target: FilterGenesScanpyOrder
  params:
    order:
    - min_counts
    - min_cells
    - max_counts
    - max_cells
    min_counts: 0.01
    max_counts: 0.99
    min_cells: 0.01
    max_cells: 0.99
- type: normalize
  target: ScTransform
  params:
    processes_num: 8
- type: filter.gene
  target: HighlyVariableGenesLogarithmizedByMeanAndDisp
  params: {}
- type: feature.cell
  target: SCNFeature
- type: misc
  target: SetConfig
  params:
    config_dict:
      feature_channel: SCNFeature
      label_channel: cell_type
",0.452,human,Blood,10000,train,train_human_Bloodd9b4bc69-ed90-4f5f-99b2-61b0681ba436_data.h5ad,https://www.dropbox.com/scl/fi/b2hvwk1xmbc6ifhouz4kv/human_Bloodd9b4bc69-ed90-4f5f-99b2-61b0681ba436_data.h5ad?rlkey=82vzr0qcii75tm4sjsn2xw89g&st=6pwjmxnk&dl=1,d9b4bc69-ed90-4f5f-99b2-61b0681ba436
055ca631-6ffb-40de-815e-b931e10718c0_Blood,3.0,10000.0,11554.0,26.0,9370017.0,41305.0,"['CD16-negative, CD56-bright natural killer cell, human', 'IgA plasmablast', 'IgG plasmablast', 'activated CD4-positive, alpha-beta T cell, human', 'central memory CD4-positive, alpha-beta T cell', 'classical monocyte', 'conventional dendritic cell', 'double negative thymocyte', 'effector memory CD8-positive, alpha-beta T cell', 'erythrocyte', 'gamma-delta T cell', 'hematopoietic stem cell', 'immature neutrophil', 'lymphocyte', 'memory B cell', 'mucosal invariant T cell', 'naive B cell', 'naive thymus-derived CD4-positive, alpha-beta T cell', 'naive thymus-derived CD8-positive, alpha-beta T cell', 'natural killer cell', 'neutrophil', 'non-classical monocyte', 'plasmacytoid dendritic cell, human', 'platelet', 'regulatory T cell', 'transitional stage B cell']","['COVID-19', 'normal']",Blood,10000.0,"['CD16-negative, CD56-bright natural killer cell, human', 'IgA plasmablast', 'IgG plasmablast', 'activated CD4-positive, alpha-beta T cell, human', 'central memory CD4-positive, alpha-beta T cell', 'classical monocyte', 'conventional dendritic cell', 'double negative thymocyte', 'effector memory CD8-positive, alpha-beta T cell', 'erythrocyte', 'gamma-delta T cell', 'hematopoietic stem cell', 'immature neutrophil', 'lymphocyte', 'memory B cell', 'mucosal invariant T cell', 'naive B cell', 'naive thymus-derived CD4-positive, alpha-beta T cell', 'naive thymus-derived CD8-positive, alpha-beta T cell', 'natural killer cell', 'neutrophil', 'non-classical monocyte', 'plasmacytoid dendritic cell, human', 'platelet', 'regulatory T cell', 'transitional stage B cell']","['COVID-19', 'normal']",['Seq-Well'],['Seq-Well'],055ca631-6ffb-40de-815e-b931e10718c0,0.0,"step2:https://wandb.ai/xzy11632/dance-dev/sweeps/d8rgae9d|step3:https://wandb.ai/xzy11632/dance-dev/sweeps/1ad1pp6p,https://wandb.ai/xzy11632/dance-dev/sweeps/u8seq4pp,https://wandb.ai/xzy11632/dance-dev/sweeps/lk2d7tf1","- type: filter.gene
  target: FilterGenesPercentile
  params: {}
- type: normalize
  target: Log1P
  params: {}
- type: filter.gene
  target: FilterGenesTopK
  params:
    num_genes: 3000
- type: feature.cell
  params:
    out: feature.cell
    log_level: INFO
    split_name: train
  target: WeightedFeaturePCA
- type: misc
  target: SetConfig
  params:
    config_dict:
      feature_channel: feature.cell
      label_channel: cell_type
",0.223499998450279,all_total_runs:168|all_finished_runs:163|step2_total_runs:108|step2_finished_runs:103|step3_0_total_runs:20|step3_0_finished_runs:20|step3_1_total_runs:20|step3_1_finished_runs:20|step3_2_total_runs:20|step3_2_finished_runs:20|finished_rate:97.02%,False,"- type: filter.gene
  target: FilterGenesPercentile
  params: {}
- type: normalize
  target: Log1P
  params: {}
- type: filter.gene
  target: FilterGenesTopK
  params:
    num_genes: 3000
- type: feature.cell
  params:
    out: feature.cell
    log_level: INFO
    split_name: train
  target: WeightedFeaturePCA
- type: misc
  target: SetConfig
  params:
    config_dict:
      feature_channel: feature.cell
      label_channel: cell_type
",0.223499998450279,"step2:https://wandb.ai/xzy11632/dance-dev/sweeps/k7kszlmc|step3:https://wandb.ai/xzy11632/dance-dev/sweeps/57p6my3u,https://wandb.ai/xzy11632/dance-dev/sweeps/tonsw1vx,https://wandb.ai/xzy11632/dance-dev/sweeps/f0w85cyt","- type: filter.gene
  target: FilterGenesPlaceHolder
  params: {}
- type: normalize
  target: NormalizeTotalLog1P
  params: {}
- type: filter.gene
  target: HighlyVariableGenesLogarithmizedByTopGenes
  params:
    n_top_genes: 3000
- type: feature.cell
  params:
    out: feature.cell
    log_level: INFO
  target: FeatureCellPlaceHolder
- type: misc
  target: SetConfig
  params:
    config_dict:
      feature_channel: feature.cell
      label_channel: cell_type
",0.202500000596046,all_total_runs:150|all_finished_runs:145|step2_total_runs:90|step2_finished_runs:87|step3_0_total_runs:20|step3_0_finished_runs:18|step3_1_total_runs:20|step3_1_finished_runs:20|step3_2_total_runs:20|step3_2_finished_runs:20|finished_rate:96.67%,0.0,"- type: filter.gene
  target: FilterGenesPlaceHolder
  params: {}
- type: normalize
  target: NormalizeTotalLog1P
  params: {}
- type: filter.gene
  target: HighlyVariableGenesLogarithmizedByTopGenes
  params:
    n_top_genes: 3000
- type: feature.cell
  params:
    out: feature.cell
    log_level: INFO
  target: FeatureCellPlaceHolder
- type: misc
  target: SetConfig
  params:
    config_dict:
      feature_channel: feature.cell
      label_channel: cell_type
",0.202500000596046,"step2:https://wandb.ai/xzy11632/dance-dev/sweeps/lpg3g3zt|step3:https://wandb.ai/xzy11632/dance-dev/sweeps/0euyykwz,https://wandb.ai/xzy11632/dance-dev/sweeps/r197aqy2,https://wandb.ai/xzy11632/dance-dev/sweeps/w7jwx2f5","- type: filter.gene
  target: FilterGenesScanpyOrder
  params:
    order:
    - min_counts
    - min_cells
    - max_counts
    - max_cells
    min_counts: 0.01
    max_counts: 0.99
    min_cells: 0.01
    max_cells: 0.99
- type: normalize
  target: NormalizeTotalLog1P
  params: {}
- type: filter.gene
  target: HighlyVariableGenesLogarithmizedByTopGenes
  params:
    n_top_genes: 3000
- type: feature.cell
  params:
    out: feature.cell
    log_level: INFO
    split_name: train
  target: WeightedFeaturePCA
- type: graph.cell
  target: CellFeatureGraph
  params:
    cell_feature_channel: feature.cell
- type: misc
  target: SetConfig
  params:
    config_dict:
      label_channel: cell_type
",0.212999999523163,all_total_runs:90|all_finished_runs:89|step2_total_runs:30|step2_finished_runs:29|step3_0_total_runs:20|step3_0_finished_runs:20|step3_1_total_runs:20|step3_1_finished_runs:20|step3_2_total_runs:20|step3_2_finished_runs:20|finished_rate:98.89%,False,"- type: filter.gene
  target: FilterGenesScanpyOrder
  params:
    order:
    - min_counts
    - min_cells
    - max_counts
    - max_cells
    min_counts: 0.01
    max_counts: 0.99
    min_cells: 0.01
    max_cells: 0.99
- type: normalize
  target: NormalizeTotalLog1P
  params: {}
- type: filter.gene
  target: HighlyVariableGenesLogarithmizedByTopGenes
  params:
    n_top_genes: 3000
- type: feature.cell
  params:
    out: feature.cell
    log_level: INFO
    split_name: train
  target: WeightedFeaturePCA
- type: graph.cell
  target: CellFeatureGraph
  params:
    cell_feature_channel: feature.cell
- type: misc
  target: SetConfig
  params:
    config_dict:
      label_channel: cell_type
",0.212999999523163,"step2:https://wandb.ai/xzy11632/dance-dev/sweeps/vfuye9iu|step3:https://wandb.ai/xzy11632/dance-dev/sweeps/42zxhnlp,https://wandb.ai/xzy11632/dance-dev/sweeps/205kvg31,https://wandb.ai/xzy11632/dance-dev/sweeps/nu3cqqar","- type: filter.gene
  target: FilterGenesScanpyOrder
  params:
    order:
    - max_counts
    - min_cells
    - max_cells
    - min_counts
    min_counts: 453
    min_cells: 0.04605944671478338
    max_counts: 0.9890015132856972
    max_cells: 0.9611320756221398
- type: normalize
  target: Log1P
  params:
    base: 7.5069496040368495
- type: filter.gene
  target: HighlyVariableGenesRawCount
  params:
    n_top_genes: 8496
    span: 0.31306799286594345
- type: feature.cell
  target: SCNFeature
- type: misc
  target: SetConfig
  params:
    config_dict:
      feature_channel: SCNFeature
      label_channel: cell_type
",0.2135,all_total_runs:78|all_finished_runs:57|step2_total_runs:18|step2_finished_runs:17|step3_0_total_runs:20|step3_0_finished_runs:0|step3_1_total_runs:20|step3_1_finished_runs:20|step3_2_total_runs:20|step3_2_finished_runs:20|finished_rate:73.08%,False,"- type: filter.gene
  target: FilterGenesScanpyOrder
  params:
    order:
    - min_counts
    - min_cells
    - max_counts
    - max_cells
    min_counts: 0.01
    max_counts: 0.99
    min_cells: 0.01
    max_cells: 0.99
- type: normalize
  target: ScTransform
  params:
    processes_num: 8
- type: filter.gene
  target: HighlyVariableGenesLogarithmizedByTopGenes
  params:
    n_top_genes: 3000
- type: feature.cell
  target: SCNFeature
- type: misc
  target: SetConfig
  params:
    config_dict:
      feature_channel: SCNFeature
      label_channel: cell_type
",0.2105,human,Blood,10000,train,train_human_Blood055ca631-6ffb-40de-815e-b931e10718c0_data.h5ad,https://www.dropbox.com/scl/fi/d60o68h6gr42di9x1ogv7/human_Blood055ca631-6ffb-40de-815e-b931e10718c0_data.h5ad?rlkey=hpofxqr2gdue3avafqa09fyw7&st=ykswto0h&dl=1,055ca631-6ffb-40de-815e-b931e10718c0
bc2a7b3d-f04e-477e-96c9-9d5367d5425c_Blood,4.0,10000.0,12441.0,14.0,14992843.0,109995.0,"['CD16-negative, CD56-bright natural killer cell, human', 'CD4-positive, alpha-beta cytotoxic T cell', 'activated CD4-positive, alpha-beta T cell, human', 'activated CD8-positive, alpha-beta T cell, human', 'central memory CD4-positive, alpha-beta T cell', 'double negative thymocyte', 'effector memory CD8-positive, alpha-beta T cell', 'gamma-delta T cell', 'lymphocyte', 'mucosal invariant T cell', 'naive thymus-derived CD4-positive, alpha-beta T cell', 'naive thymus-derived CD8-positive, alpha-beta T cell', 'natural killer cell', 'regulatory T cell']","['COVID-19', 'normal']",Blood,10000.0,"['CD16-negative, CD56-bright natural killer cell, human', 'CD4-positive, alpha-beta cytotoxic T cell', 'activated CD4-positive, alpha-beta T cell, human', 'activated CD8-positive, alpha-beta T cell, human', 'central memory CD4-positive, alpha-beta T cell', 'double negative thymocyte', 'effector memory CD8-positive, alpha-beta T cell', 'gamma-delta T cell', 'lymphocyte', 'mucosal invariant T cell', 'naive thymus-derived CD4-positive, alpha-beta T cell', 'naive thymus-derived CD8-positive, alpha-beta T cell', 'natural killer cell', 'regulatory T cell']","['COVID-19', 'normal']","[""10x 3' v2"", ""10x 3' v3"", 'Seq-Well']","[""10x 3' v2"", ""10x 3' v3"", 'Seq-Well']",bc2a7b3d-f04e-477e-96c9-9d5367d5425c,0.0,"step2:https://wandb.ai/xzy11632/dance-dev/sweeps/6h0i8gts|step3:https://wandb.ai/xzy11632/dance-dev/sweeps/yqs5q4lv,https://wandb.ai/xzy11632/dance-dev/sweeps/n3bvoae1,https://wandb.ai/xzy11632/dance-dev/sweeps/ne4s6s7m","- type: filter.gene
  target: FilterGenesScanpyOrder
  params:
    order:
    - min_counts
    - min_cells
    - max_counts
    - max_cells
    min_counts: 0.01
    max_counts: 0.99
    min_cells: 0.01
    max_cells: 0.99
- type: normalize
  target: NormalizeTotalLog1P
  params: {}
- type: filter.gene
  target: FilterGenesRegression
  params:
    num_genes: 3000
- type: feature.cell
  params:
    out: feature.cell
    log_level: INFO
    split_name: train
  target: WeightedFeaturePCA
- type: misc
  target: SetConfig
  params:
    config_dict:
      feature_channel: feature.cell
      label_channel: cell_type
",0.231000006198883,all_total_runs:168|all_finished_runs:154|step2_total_runs:108|step2_finished_runs:97|step3_0_total_runs:20|step3_0_finished_runs:20|step3_1_total_runs:20|step3_1_finished_runs:20|step3_2_total_runs:20|step3_2_finished_runs:17|finished_rate:91.67%,False,"- type: filter.gene
  target: FilterGenesScanpyOrder
  params:
    order:
    - min_counts
    - min_cells
    - max_counts
    - max_cells
    min_counts: 0.01
    max_counts: 0.99
    min_cells: 0.01
    max_cells: 0.99
- type: normalize
  target: NormalizeTotalLog1P
  params: {}
- type: filter.gene
  target: FilterGenesRegression
  params:
    num_genes: 3000
- type: feature.cell
  params:
    out: feature.cell
    log_level: INFO
    split_name: train
  target: WeightedFeaturePCA
- type: misc
  target: SetConfig
  params:
    config_dict:
      feature_channel: feature.cell
      label_channel: cell_type
",0.231000006198883,"step2:https://wandb.ai/xzy11632/dance-dev/sweeps/o66dz8an|step3:https://wandb.ai/xzy11632/dance-dev/sweeps/8soft02v,https://wandb.ai/xzy11632/dance-dev/sweeps/1582492w,https://wandb.ai/xzy11632/dance-dev/sweeps/x02xlnvu","- type: filter.gene
  target: FilterGenesPlaceHolder
  params: {}
- type: normalize
  target: ScTransform
  params:
    processes_num: 8
- type: filter.gene
  target: HighlyVariableGenesLogarithmizedByTopGenes
  params:
    n_top_genes: 3000
- type: feature.cell
  params:
    out: feature.cell
    log_level: INFO
  target: FeatureCellPlaceHolder
- type: misc
  target: SetConfig
  params:
    config_dict:
      feature_channel: feature.cell
      label_channel: cell_type
",0.221000000834465,all_total_runs:150|all_finished_runs:111|step2_total_runs:90|step2_finished_runs:78|step3_0_total_runs:20|step3_0_finished_runs:14|step3_1_total_runs:20|step3_1_finished_runs:18|step3_2_total_runs:20|step3_2_finished_runs:1|finished_rate:74.00%,0.0,"- type: filter.gene
  target: FilterGenesPlaceHolder
  params: {}
- type: normalize
  target: ScTransform
  params:
    processes_num: 8
- type: filter.gene
  target: HighlyVariableGenesLogarithmizedByTopGenes
  params:
    n_top_genes: 3000
- type: feature.cell
  params:
    out: feature.cell
    log_level: INFO
  target: FeatureCellPlaceHolder
- type: misc
  target: SetConfig
  params:
    config_dict:
      feature_channel: feature.cell
      label_channel: cell_type
",0.221000000834465,"step2:https://wandb.ai/xzy11632/dance-dev/sweeps/02r6o0on|step3:https://wandb.ai/xzy11632/dance-dev/sweeps/8ywkf9jf,https://wandb.ai/xzy11632/dance-dev/sweeps/uehitt72,https://wandb.ai/xzy11632/dance-dev/sweeps/i0d08cqt","- type: filter.gene
  target: FilterGenesPercentile
  params: {}
- type: normalize
  target: NormalizeTotalLog1P
  params: {}
- type: filter.gene
  target: FilterGenesTopK
  params:
    num_genes: 3000
- type: feature.cell
  params:
    out: feature.cell
    log_level: INFO
    split_name: train
  target: WeightedFeaturePCA
- type: graph.cell
  target: CellFeatureGraph
  params:
    cell_feature_channel: feature.cell
- type: misc
  target: SetConfig
  params:
    config_dict:
      label_channel: cell_type
",0.245000004768372,all_total_runs:90|all_finished_runs:89|step2_total_runs:30|step2_finished_runs:30|step3_0_total_runs:20|step3_0_finished_runs:20|step3_1_total_runs:20|step3_1_finished_runs:19|step3_2_total_runs:20|step3_2_finished_runs:20|finished_rate:98.89%,False,"- type: filter.gene
  target: FilterGenesPercentile
  params: {}
- type: normalize
  target: NormalizeTotalLog1P
  params: {}
- type: filter.gene
  target: FilterGenesTopK
  params:
    num_genes: 3000
- type: feature.cell
  params:
    out: feature.cell
    log_level: INFO
    split_name: train
  target: WeightedFeaturePCA
- type: graph.cell
  target: CellFeatureGraph
  params:
    cell_feature_channel: feature.cell
- type: misc
  target: SetConfig
  params:
    config_dict:
      label_channel: cell_type
",0.245000004768372,"step2:https://wandb.ai/xzy11632/dance-dev/sweeps/2z33hat2|step3:https://wandb.ai/xzy11632/dance-dev/sweeps/0fduif1p,https://wandb.ai/xzy11632/dance-dev/sweeps/p7wf1gjo,https://wandb.ai/xzy11632/dance-dev/sweeps/vcjy0unu","- type: filter.gene
  target: FilterGenesPlaceHolder
  params: {}
- type: normalize
  target: ScaleFeature
  params: {}
- type: filter.gene
  target: FilterGenesNumberPlaceHolder
  params: {}
- type: feature.cell
  target: SCNFeature
- type: misc
  target: SetConfig
  params:
    config_dict:
      feature_channel: SCNFeature
      label_channel: cell_type
",0.242,all_total_runs:78|all_finished_runs:52|step2_total_runs:18|step2_finished_runs:12|step3_0_total_runs:20|step3_0_finished_runs:2|step3_1_total_runs:20|step3_1_finished_runs:18|step3_2_total_runs:20|step3_2_finished_runs:20|finished_rate:66.67%,False,"- type: filter.gene
  target: FilterGenesPlaceHolder
  params: {}
- type: normalize
  target: ScaleFeature
  params: {}
- type: filter.gene
  target: FilterGenesNumberPlaceHolder
  params: {}
- type: feature.cell
  target: SCNFeature
- type: misc
  target: SetConfig
  params:
    config_dict:
      feature_channel: SCNFeature
      label_channel: cell_type
",0.242,human,Blood,10000,train,train_human_Bloodbc2a7b3d-f04e-477e-96c9-9d5367d5425c_data.h5ad,https://www.dropbox.com/scl/fi/1cih4y8h03dboijqieheg/human_Bloodbc2a7b3d-f04e-477e-96c9-9d5367d5425c_data.h5ad?rlkey=yupm1kblpt9a8qlmksz1u3xob&st=9jurnfn4&dl=1,bc2a7b3d-f04e-477e-96c9-9d5367d5425c
01209dce-3575-4bed-b1df-129f57fbc031_Blood,5.0,10000.0,10448.0,4.0,14253325.0,17625.0,"['CD4-positive, alpha-beta T cell', 'CD4-positive, alpha-beta thymocyte', 'CD8-positive, alpha-beta T cell', 'CD8-positive, alpha-beta thymocyte']",['normal'],Blood,10000.0,"['CD4-positive, alpha-beta T cell', 'CD4-positive, alpha-beta thymocyte', 'CD8-positive, alpha-beta T cell', 'CD8-positive, alpha-beta thymocyte']",['normal'],"[""10x 3' v2""]","[""10x 3' v2""]",01209dce-3575-4bed-b1df-129f57fbc031,0.0,"step2:https://wandb.ai/xzy11632/dance-dev/sweeps/qu1z52d8|step3:https://wandb.ai/xzy11632/dance-dev/sweeps/7oxvcau6,https://wandb.ai/xzy11632/dance-dev/sweeps/fv1bsnjy,https://wandb.ai/xzy11632/dance-dev/sweeps/q5udcri1","- type: filter.gene
  target: FilterGenesPlaceHolder
- type: normalize
  target: NormalizeTotalLog1P
  params:
    base: 6.005609925807912
    target_sum: 10000
    max_fraction: 0.7
- type: filter.gene
  target: HighlyVariableGenesLogarithmizedByMeanAndDisp
  params:
    min_disp: 0.2951242729893855
    max_disp: 41.092381359128915
    min_mean: 0.0035124729638759417
    max_mean: 16.676252964731333
    n_bins: 11
    flavor: cell_ranger
- type: feature.cell
  target: WeightedFeatureSVD
  params:
    out: feature.cell
    log_level: INFO
    n_components: 316
    feat_norm_mode: minmax
- type: misc
  target: SetConfig
  params:
    config_dict:
      feature_channel: feature.cell
      label_channel: cell_type
",0.375499993562698,all_total_runs:168|all_finished_runs:165|step2_total_runs:108|step2_finished_runs:108|step3_0_total_runs:20|step3_0_finished_runs:17|step3_1_total_runs:20|step3_1_finished_runs:20|step3_2_total_runs:20|step3_2_finished_runs:20|finished_rate:98.21%,False,"- type: filter.gene
  target: FilterGenesScanpyOrder
  params:
    order:
    - min_counts
    - min_cells
    - max_counts
    - max_cells
    min_counts: 0.01
    max_counts: 0.99
    min_cells: 0.01
    max_cells: 0.99
- type: normalize
  target: Log1P
  params: {}
- type: filter.gene
  target: FilterGenesRegression
  params:
    num_genes: 3000
- type: feature.cell
  params:
    out: feature.cell
    log_level: INFO
  target: CellSVD
- type: misc
  target: SetConfig
  params:
    config_dict:
      feature_channel: feature.cell
      label_channel: cell_type
",0.370999991893768,"step2:https://wandb.ai/xzy11632/dance-dev/sweeps/5r6c0yau|step3:https://wandb.ai/xzy11632/dance-dev/sweeps/5llikzkc,https://wandb.ai/xzy11632/dance-dev/sweeps/c7rmk50o,https://wandb.ai/xzy11632/dance-dev/sweeps/r2zzecmd","- type: filter.gene
  target: FilterGenesScanpyOrder
  params:
    order:
    - min_counts
    - min_cells
    - max_counts
    - max_cells
    min_counts: 0.01
    max_counts: 0.99
    min_cells: 0.01
    max_cells: 0.99
- type: normalize
  target: Log1P
  params: {}
- type: filter.gene
  target: FilterGenesTopK
  params:
    num_genes: 3000
- type: feature.cell
  params:
    out: feature.cell
    log_level: INFO
    split_name: train
  target: WeightedFeatureSVD
- type: misc
  target: SetConfig
  params:
    config_dict:
      feature_channel: feature.cell
      label_channel: cell_type
",0.340000003576279,all_total_runs:150|all_finished_runs:131|step2_total_runs:90|step2_finished_runs:90|step3_0_total_runs:20|step3_0_finished_runs:20|step3_1_total_runs:20|step3_1_finished_runs:20|step3_2_total_runs:20|step3_2_finished_runs:1|finished_rate:87.33%,0.0,"- type: filter.gene
  target: FilterGenesScanpyOrder
  params:
    order:
    - min_counts
    - min_cells
    - max_counts
    - max_cells
    min_counts: 0.01
    max_counts: 0.99
    min_cells: 0.01
    max_cells: 0.99
- type: normalize
  target: Log1P
  params: {}
- type: filter.gene
  target: FilterGenesTopK
  params:
    num_genes: 3000
- type: feature.cell
  params:
    out: feature.cell
    log_level: INFO
    split_name: train
  target: WeightedFeatureSVD
- type: misc
  target: SetConfig
  params:
    config_dict:
      feature_channel: feature.cell
      label_channel: cell_type
",0.340000003576279,"step2:https://wandb.ai/xzy11632/dance-dev/sweeps/yichwa6q|step3:https://wandb.ai/xzy11632/dance-dev/sweeps/o8gils8g,https://wandb.ai/xzy11632/dance-dev/sweeps/j16fal8c,https://wandb.ai/xzy11632/dance-dev/sweeps/szdy9t35","- type: filter.gene
  target: FilterGenesPlaceHolder
  params: {}
- type: normalize
  target: NormalizeTotal
  params: {}
- type: filter.gene
  target: FilterGenesTopK
  params:
    num_genes: 3000
- type: feature.cell
  params:
    out: feature.cell
    log_level: INFO
    split_name: train
  target: WeightedFeaturePCA
- type: graph.cell
  target: CellFeatureGraph
  params:
    cell_feature_channel: feature.cell
- type: misc
  target: SetConfig
  params:
    config_dict:
      label_channel: cell_type
",0.370999991893768,all_total_runs:90|all_finished_runs:68|step2_total_runs:30|step2_finished_runs:29|step3_0_total_runs:20|step3_0_finished_runs:1|step3_1_total_runs:20|step3_1_finished_runs:18|step3_2_total_runs:20|step3_2_finished_runs:20|finished_rate:75.56%,False,"- type: filter.gene
  target: FilterGenesPlaceHolder
  params: {}
- type: normalize
  target: NormalizeTotal
  params: {}
- type: filter.gene
  target: FilterGenesTopK
  params:
    num_genes: 3000
- type: feature.cell
  params:
    out: feature.cell
    log_level: INFO
    split_name: train
  target: WeightedFeaturePCA
- type: graph.cell
  target: CellFeatureGraph
  params:
    cell_feature_channel: feature.cell
- type: misc
  target: SetConfig
  params:
    config_dict:
      label_channel: cell_type
",0.370999991893768,"step2:https://wandb.ai/xzy11632/dance-dev/sweeps/r06pb2j8|step3:https://wandb.ai/xzy11632/dance-dev/sweeps/o7fzyz99,https://wandb.ai/xzy11632/dance-dev/sweeps/dofwpkgf,https://wandb.ai/xzy11632/dance-dev/sweeps/816foexq","- type: filter.gene
  target: FilterGenesPercentile
  params:
    min_val: 3
    max_val: 98
    mode: var
- type: normalize
  target: NormalizeTotal
  params:
    target_sum: 1000
    max_fraction: 0.5
- type: filter.gene
  target: HighlyVariableGenesRawCount
  params:
    n_top_genes: 7870
    span: 0.17750061108568363
- type: feature.cell
  target: SCNFeature
- type: misc
  target: SetConfig
  params:
    config_dict:
      feature_channel: SCNFeature
      label_channel: cell_type
",0.366,all_total_runs:78|all_finished_runs:72|step2_total_runs:18|step2_finished_runs:14|step3_0_total_runs:20|step3_0_finished_runs:19|step3_1_total_runs:20|step3_1_finished_runs:20|step3_2_total_runs:20|step3_2_finished_runs:19|finished_rate:92.31%,False,"- type: filter.gene
  target: FilterGenesPercentile
  params: {}
- type: normalize
  target: NormalizeTotal
  params: {}
- type: filter.gene
  target: HighlyVariableGenesRawCount
  params:
    n_top_genes: 3000
- type: feature.cell
  target: SCNFeature
- type: misc
  target: SetConfig
  params:
    config_dict:
      feature_channel: SCNFeature
      label_channel: cell_type
",0.3585,human,Blood,10000,train,train_human_Blood01209dce-3575-4bed-b1df-129f57fbc031_data.h5ad,https://www.dropbox.com/scl/fi/wqfbtld761iu33xydjih1/human_Blood01209dce-3575-4bed-b1df-129f57fbc031_data.h5ad?rlkey=6fpf8eu9lm6orczc4lzlhu22f&st=joo51ad1&dl=1,01209dce-3575-4bed-b1df-129f57fbc031
2a498ace-872a-4935-984b-1afa70fd9886_Blood,6.0,10000.0,15914.0,30.0,13350305.0,422220.0,"['B cell', 'CD16-negative, CD56-bright natural killer cell, human', 'CD4-positive helper T cell', 'CD4-positive, alpha-beta cytotoxic T cell', 'CD8-positive, alpha-beta cytotoxic T cell', 'central memory CD8-positive, alpha-beta T cell', 'class switched memory B cell', 'classical monocyte', 'conventional dendritic cell', 'dendritic cell', 'effector memory CD8-positive, alpha-beta T cell', 'effector memory CD8-positive, alpha-beta T cell, terminally differentiated', 'erythrocyte', 'gamma-delta T cell', 'granulocyte', 'hematopoietic precursor cell', 'innate lymphoid cell', 'mature NK T cell', 'mucosal invariant T cell', 'naive B cell', 'naive thymus-derived CD4-positive, alpha-beta T cell', 'naive thymus-derived CD8-positive, alpha-beta T cell', 'natural killer cell', 'non-classical monocyte', 'plasma cell', 'plasmablast', 'plasmacytoid dendritic cell', 'platelet', 'regulatory T cell', 'unknown']","['COVID-19', 'normal', 'post-COVID-19 disorder']",Blood,10000.0,"['B cell', 'CD16-negative, CD56-bright natural killer cell, human', 'CD4-positive helper T cell', 'CD4-positive, alpha-beta cytotoxic T cell', 'CD8-positive, alpha-beta cytotoxic T cell', 'central memory CD8-positive, alpha-beta T cell', 'class switched memory B cell', 'classical monocyte', 'conventional dendritic cell', 'dendritic cell', 'effector memory CD8-positive, alpha-beta T cell', 'effector memory CD8-positive, alpha-beta T cell, terminally differentiated', 'erythrocyte', 'gamma-delta T cell', 'granulocyte', 'hematopoietic precursor cell', 'innate lymphoid cell', 'mature NK T cell', 'mucosal invariant T cell', 'naive B cell', 'naive thymus-derived CD4-positive, alpha-beta T cell', 'naive thymus-derived CD8-positive, alpha-beta T cell', 'natural killer cell', 'non-classical monocyte', 'plasma cell', 'plasmablast', 'plasmacytoid dendritic cell', 'platelet', 'regulatory T cell', 'unknown']","['COVID-19', 'normal', 'post-COVID-19 disorder']","[""10x 5' v1""]","[""10x 5' v1""]",2a498ace-872a-4935-984b-1afa70fd9886,0.0,"step2:https://wandb.ai/xzy11632/dance-dev/sweeps/1w2lpsn9|step3:https://wandb.ai/xzy11632/dance-dev/sweeps/kzwwo0lc,https://wandb.ai/xzy11632/dance-dev/sweeps/hciarkkg,https://wandb.ai/xzy11632/dance-dev/sweeps/7kaqyhmz","- type: filter.gene
  target: FilterGenesScanpyOrder
  params:
    order:
    - min_counts
    - min_cells
    - max_counts
    - max_cells
    min_counts: 0.01
    max_counts: 0.99
    min_cells: 0.01
    max_cells: 0.99
- type: normalize
  target: NormalizeTotalLog1P
  params: {}
- type: filter.gene
  target: FilterGenesRegression
  params:
    num_genes: 3000
- type: feature.cell
  params:
    out: feature.cell
    log_level: INFO
    split_name: train
  target: WeightedFeatureSVD
- type: misc
  target: SetConfig
  params:
    config_dict:
      feature_channel: feature.cell
      label_channel: cell_type
",0.19650000333786,all_total_runs:168|all_finished_runs:160|step2_total_runs:108|step2_finished_runs:104|step3_0_total_runs:20|step3_0_finished_runs:18|step3_1_total_runs:20|step3_1_finished_runs:19|step3_2_total_runs:20|step3_2_finished_runs:19|finished_rate:95.24%,False,"- type: filter.gene
  target: FilterGenesScanpyOrder
  params:
    order:
    - min_counts
    - min_cells
    - max_counts
    - max_cells
    min_counts: 0.01
    max_counts: 0.99
    min_cells: 0.01
    max_cells: 0.99
- type: normalize
  target: NormalizeTotalLog1P
  params: {}
- type: filter.gene
  target: FilterGenesRegression
  params:
    num_genes: 3000
- type: feature.cell
  params:
    out: feature.cell
    log_level: INFO
    split_name: train
  target: WeightedFeatureSVD
- type: misc
  target: SetConfig
  params:
    config_dict:
      feature_channel: feature.cell
      label_channel: cell_type
",0.19650000333786,"step2:https://wandb.ai/xzy11632/dance-dev/sweeps/mihw0lk2|step3:https://wandb.ai/xzy11632/dance-dev/sweeps/szzmjfs2,https://wandb.ai/xzy11632/dance-dev/sweeps/hmy7hvwt,https://wandb.ai/xzy11632/dance-dev/sweeps/0ip8dv16","- type: filter.gene
  target: FilterGenesPercentile
  params: {}
- type: normalize
  target: NormalizePlaceHolder
  params: {}
- type: filter.gene
  target: FilterGenesTopK
  params:
    num_genes: 3000
- type: feature.cell
  params:
    out: feature.cell
    log_level: INFO
  target: GaussRandProjFeature
- type: misc
  target: SetConfig
  params:
    config_dict:
      feature_channel: feature.cell
      label_channel: cell_type
",0.181500002741814,all_total_runs:150|all_finished_runs:127|step2_total_runs:90|step2_finished_runs:87|step3_0_total_runs:20|step3_0_finished_runs:1|step3_1_total_runs:20|step3_1_finished_runs:19|step3_2_total_runs:20|step3_2_finished_runs:20|finished_rate:84.67%,0.0,"- type: filter.gene
  target: FilterGenesPercentile
  params: {}
- type: normalize
  target: NormalizePlaceHolder
  params: {}
- type: filter.gene
  target: FilterGenesTopK
  params:
    num_genes: 3000
- type: feature.cell
  params:
    out: feature.cell
    log_level: INFO
  target: GaussRandProjFeature
- type: misc
  target: SetConfig
  params:
    config_dict:
      feature_channel: feature.cell
      label_channel: cell_type
",0.181500002741814,"step2:https://wandb.ai/xzy11632/dance-dev/sweeps/9xrxhq59|step3:https://wandb.ai/xzy11632/dance-dev/sweeps/vr1h16ia,https://wandb.ai/xzy11632/dance-dev/sweeps/b33t4thc","- type: filter.gene
  target: FilterGenesPercentile
  params: {}
- type: normalize
  target: NormalizeTotalLog1P
  params: {}
- type: filter.gene
  target: HighlyVariableGenesRawCount
  params:
    n_top_genes: 3000
- type: feature.cell
  params:
    out: feature.cell
    log_level: INFO
    split_name: train
  target: WeightedFeatureSVD
- type: graph.cell
  target: CellFeatureGraph
  params:
    cell_feature_channel: feature.cell
- type: misc
  target: SetConfig
  params:
    config_dict:
      label_channel: cell_type
",0.211999997496605,all_total_runs:70|all_finished_runs:66|step2_total_runs:30|step2_finished_runs:30|step3_0_total_runs:20|step3_0_finished_runs:19|step3_1_total_runs:20|step3_1_finished_runs:17|finished_rate:94.29%,False,"- type: filter.gene
  target: FilterGenesPercentile
  params: {}
- type: normalize
  target: NormalizeTotalLog1P
  params: {}
- type: filter.gene
  target: HighlyVariableGenesRawCount
  params:
    n_top_genes: 3000
- type: feature.cell
  params:
    out: feature.cell
    log_level: INFO
    split_name: train
  target: WeightedFeatureSVD
- type: graph.cell
  target: CellFeatureGraph
  params:
    cell_feature_channel: feature.cell
- type: misc
  target: SetConfig
  params:
    config_dict:
      label_channel: cell_type
",0.211999997496605,"step2:https://wandb.ai/xzy11632/dance-dev/sweeps/ci9fipgb|step3:https://wandb.ai/xzy11632/dance-dev/sweeps/7wvnk2ra,https://wandb.ai/xzy11632/dance-dev/sweeps/ubew0esx,https://wandb.ai/xzy11632/dance-dev/sweeps/p9ddhm26","- type: filter.gene
  target: FilterGenesPercentile
  params:
    min_val: 7
    max_val: 96
    mode: sum
- type: normalize
  target: Log1P
  params:
    base: 2.5088472691737955
- type: filter.gene
  target: HighlyVariableGenesLogarithmizedByTopGenes
  params:
    n_top_genes: 4770
    n_bins: 27
    flavor: cell_ranger
- type: feature.cell
  target: SCNFeature
- type: misc
  target: SetConfig
  params:
    config_dict:
      feature_channel: SCNFeature
      label_channel: cell_type
",0.19,all_total_runs:78|all_finished_runs:75|step2_total_runs:18|step2_finished_runs:17|step3_0_total_runs:20|step3_0_finished_runs:19|step3_1_total_runs:20|step3_1_finished_runs:19|step3_2_total_runs:20|step3_2_finished_runs:20|finished_rate:96.15%,False,"- type: filter.gene
  target: FilterGenesScanpyOrder
  params:
    order:
    - min_counts
    - min_cells
    - max_counts
    - max_cells
    min_counts: 0.01
    max_counts: 0.99
    min_cells: 0.01
    max_cells: 0.99
- type: normalize
  target: ScaleFeature
  params: {}
- type: filter.gene
  target: FilterGenesRegression
  params:
    num_genes: 3000
- type: feature.cell
  target: SCNFeature
- type: misc
  target: SetConfig
  params:
    config_dict:
      feature_channel: SCNFeature
      label_channel: cell_type
",0.188,human,Blood,10000,train,train_human_Blood2a498ace-872a-4935-984b-1afa70fd9886_data.h5ad,https://www.dropbox.com/scl/fi/krlqfjj15wrw8qvz5ra0s/human_Blood2a498ace-872a-4935-984b-1afa70fd9886_data.h5ad?rlkey=4jxlruy78g3hp9yr608pmvs9s&st=org7vf5t&dl=1,2a498ace-872a-4935-984b-1afa70fd9886
bc260987-8ee5-4b6e-8773-72805166b3f7_Blood,7.0,10000.0,12192.0,8.0,10435644.0,98068.0,"['T cell', 'activated CD4-positive, alpha-beta T cell', 'central memory CD4-positive, alpha-beta T cell', 'effector CD8-positive, alpha-beta T cell', 'effector memory CD8-positive, alpha-beta T cell', 'naive thymus-derived CD4-positive, alpha-beta T cell', 'naive thymus-derived CD8-positive, alpha-beta T cell', 'regulatory T cell']","['COVID-19', 'normal']",Blood,10000.0,"['T cell', 'activated CD4-positive, alpha-beta T cell', 'central memory CD4-positive, alpha-beta T cell', 'effector CD8-positive, alpha-beta T cell', 'effector memory CD8-positive, alpha-beta T cell', 'naive thymus-derived CD4-positive, alpha-beta T cell', 'naive thymus-derived CD8-positive, alpha-beta T cell', 'regulatory T cell']","['COVID-19', 'normal']","[""10x 5' v1"", ""10x 5' v2""]","[""10x 5' v1"", ""10x 5' v2""]",bc260987-8ee5-4b6e-8773-72805166b3f7,0.0,"step2:https://wandb.ai/xzy11632/dance-dev/sweeps/yxqk0yan|step3:https://wandb.ai/xzy11632/dance-dev/sweeps/f4gm42pn,https://wandb.ai/xzy11632/dance-dev/sweeps/e1l2akij,https://wandb.ai/xzy11632/dance-dev/sweeps/v5ixqgtz","- type: filter.gene
  target: FilterGenesScanpyOrder
  params:
    order:
    - min_counts
    - min_cells
    - max_counts
    - max_cells
    min_counts: 0.01
    max_counts: 0.99
    min_cells: 0.01
    max_cells: 0.99
- type: normalize
  target: Log1P
  params: {}
- type: filter.gene
  target: FilterGenesNumberPlaceHolder
  params: {}
- type: feature.cell
  params:
    out: feature.cell
    log_level: INFO
    split_name: train
  target: WeightedFeaturePCA
- type: misc
  target: SetConfig
  params:
    config_dict:
      feature_channel: feature.cell
      label_channel: cell_type
",0.342999994754791,all_total_runs:168|all_finished_runs:129|step2_total_runs:108|step2_finished_runs:69|step3_0_total_runs:20|step3_0_finished_runs:20|step3_1_total_runs:20|step3_1_finished_runs:20|step3_2_total_runs:20|step3_2_finished_runs:20|finished_rate:76.79%,False,"- type: filter.gene
  target: FilterGenesScanpyOrder
  params:
    order:
    - min_counts
    - min_cells
    - max_counts
    - max_cells
    min_counts: 0.01
    max_counts: 0.99
    min_cells: 0.01
    max_cells: 0.99
- type: normalize
  target: Log1P
  params: {}
- type: filter.gene
  target: FilterGenesNumberPlaceHolder
  params: {}
- type: feature.cell
  params:
    out: feature.cell
    log_level: INFO
    split_name: train
  target: WeightedFeaturePCA
- type: misc
  target: SetConfig
  params:
    config_dict:
      feature_channel: feature.cell
      label_channel: cell_type
",0.342999994754791,"step2:https://wandb.ai/xzy11632/dance-dev/sweeps/v46dwhca|step3:https://wandb.ai/xzy11632/dance-dev/sweeps/74akqo3y,https://wandb.ai/xzy11632/dance-dev/sweeps/fp6ig4gg","- type: filter.gene
  target: FilterGenesScanpyOrder
  params:
    order:
    - max_cells
    - max_counts
    - min_counts
    - min_cells
    min_counts: 456
    min_cells: 0.08738148705483266
    max_counts: 0.9029536382912242
    max_cells: 0.9559607168382428
- type: normalize
  target: ScTransform
  params:
    processes_num: 8
    min_cells:
      min: 1
      max: 10
    gmean_eps:
      min: 1
      max: 10
    n_genes:
      min: 1000
      max: 3000
    n_cells:
      values:
      - null
      - 1
      - 10
      - 100
    bin_size:
      min: 300
      max: 800
    bw_adjust:
      min: 1.0
      max: 5.0
- type: filter.gene
  target: HighlyVariableGenesRawCount
  params:
    n_top_genes:
      min: 100
      max: 10000
    span:
      min: 0.1
      max: 0.6
- type: feature.cell
  target: WeightedFeaturePCA
  params:
    out: feature.cell
    log_level: INFO
    n_components: 184
    feat_norm_mode: null
- type: misc
  target: SetConfig
  params:
    config_dict:
      feature_channel: feature.cell
      label_channel: cell_type
",0.303999990224838,all_total_runs:113|all_finished_runs:99|step2_total_runs:90|step2_finished_runs:79|step3_0_total_runs:3|step3_0_finished_runs:0|step3_1_total_runs:20|step3_1_finished_runs:20|finished_rate:87.61%,0.0,"- type: filter.gene
  target: FilterGenesScanpyOrder
  params:
    order:
    - min_counts
    - min_cells
    - max_counts
    - max_cells
    min_counts: 0.01
    max_counts: 0.99
    min_cells: 0.01
    max_cells: 0.99
- type: normalize
  target: ScTransform
  params:
    processes_num: 8
- type: filter.gene
  target: FilterGenesTopK
  params:
    num_genes: 3000
- type: feature.cell
  params:
    out: feature.cell
    log_level: INFO
    split_name: train
  target: WeightedFeatureSVD
- type: misc
  target: SetConfig
  params:
    config_dict:
      feature_channel: feature.cell
      label_channel: cell_type
",0.303000003099441,step2:https://wandb.ai/xzy11632/dance-dev/sweeps/fnijesfb|step3:https://wandb.ai/xzy11632/dance-dev/sweeps/kzf92cb8,"- type: filter.gene
  target: FilterGenesScanpyOrder
  params:
    order:
    - min_counts
    - min_cells
    - max_counts
    - max_cells
    min_counts: 0.01
    max_counts: 0.99
    min_cells: 0.01
    max_cells: 0.99
- type: normalize
  target: NormalizeTotalLog1P
  params: {}
- type: filter.gene
  target: FilterGenesRegression
  params:
    num_genes: 3000
- type: feature.cell
  params:
    out: feature.cell
    log_level: INFO
    split_name: train
  target: WeightedFeaturePCA
- type: graph.cell
  target: CellFeatureGraph
  params:
    cell_feature_channel: feature.cell
- type: misc
  target: SetConfig
  params:
    config_dict:
      label_channel: cell_type
",0.330000013113022,all_total_runs:50|all_finished_runs:45|step2_total_runs:30|step2_finished_runs:30|step3_0_total_runs:20|step3_0_finished_runs:15|finished_rate:90.00%,False,"- type: filter.gene
  target: FilterGenesScanpyOrder
  params:
    order:
    - min_counts
    - min_cells
    - max_counts
    - max_cells
    min_counts: 0.01
    max_counts: 0.99
    min_cells: 0.01
    max_cells: 0.99
- type: normalize
  target: NormalizeTotalLog1P
  params: {}
- type: filter.gene
  target: FilterGenesRegression
  params:
    num_genes: 3000
- type: feature.cell
  params:
    out: feature.cell
    log_level: INFO
    split_name: train
  target: WeightedFeaturePCA
- type: graph.cell
  target: CellFeatureGraph
  params:
    cell_feature_channel: feature.cell
- type: misc
  target: SetConfig
  params:
    config_dict:
      label_channel: cell_type
",0.330000013113022,"step2:https://wandb.ai/xzy11632/dance-dev/sweeps/qjtrvos3|step3:https://wandb.ai/xzy11632/dance-dev/sweeps/lnr7cnl7,https://wandb.ai/xzy11632/dance-dev/sweeps/m6j23urx,https://wandb.ai/xzy11632/dance-dev/sweeps/yiqxnfh4","- type: filter.gene
  target: FilterGenesPlaceHolder
- type: normalize
  target: ScaleFeature
  params:
    mode: l2
    eps: 0.1
- type: filter.gene
  target: FilterGenesRegression
  params:
    method: scmap
    num_genes: 2325
- type: feature.cell
  target: SCNFeature
- type: misc
  target: SetConfig
  params:
    config_dict:
      feature_channel: SCNFeature
      label_channel: cell_type
",0.338,all_total_runs:78|all_finished_runs:67|step2_total_runs:18|step2_finished_runs:14|step3_0_total_runs:20|step3_0_finished_runs:19|step3_1_total_runs:20|step3_1_finished_runs:14|step3_2_total_runs:20|step3_2_finished_runs:20|finished_rate:85.90%,False,"- type: filter.gene
  target: FilterGenesPlaceHolder
  params: {}
- type: normalize
  target: NormalizeTotal
  params: {}
- type: filter.gene
  target: HighlyVariableGenesRawCount
  params:
    n_top_genes: 3000
- type: feature.cell
  target: SCNFeature
- type: misc
  target: SetConfig
  params:
    config_dict:
      feature_channel: SCNFeature
      label_channel: cell_type
",0.333,human,Blood,10000,train,train_human_Bloodbc260987-8ee5-4b6e-8773-72805166b3f7_data.h5ad,https://www.dropbox.com/scl/fi/md5mqb2dh0w9655v0c281/human_Bloodbc260987-8ee5-4b6e-8773-72805166b3f7_data.h5ad?rlkey=afdyzlpcmd44lo7tl5gnzw8u3&st=gt2fdipz&dl=1,bc260987-8ee5-4b6e-8773-72805166b3f7
4c4cd77c-8fee-4836-9145-16562a8782fe_Blood,8.0,10000.0,13009.0,24.0,20185288.0,43512.0,"['CD16-negative, CD56-bright natural killer cell, human', 'CD4-positive, alpha-beta cytotoxic T cell', 'central memory CD4-positive, alpha-beta T cell', 'classical monocyte', 'conventional dendritic cell', 'effector memory CD8-positive, alpha-beta T cell', 'erythrocyte', 'gamma-delta T cell', 'hematopoietic stem cell', 'immature neutrophil', 'lymphocyte', 'memory B cell', 'mucosal invariant T cell', 'naive B cell', 'naive thymus-derived CD4-positive, alpha-beta T cell', 'naive thymus-derived CD8-positive, alpha-beta T cell', 'natural killer cell', 'neutrophil', 'non-classical monocyte', 'plasmablast', 'plasmacytoid dendritic cell, human', 'platelet', 'regulatory T cell', 'transitional stage B cell']","['COVID-19', 'normal']",Blood,10000.0,"['CD16-negative, CD56-bright natural killer cell, human', 'CD4-positive, alpha-beta cytotoxic T cell', 'central memory CD4-positive, alpha-beta T cell', 'classical monocyte', 'conventional dendritic cell', 'effector memory CD8-positive, alpha-beta T cell', 'erythrocyte', 'gamma-delta T cell', 'hematopoietic stem cell', 'immature neutrophil', 'lymphocyte', 'memory B cell', 'mucosal invariant T cell', 'naive B cell', 'naive thymus-derived CD4-positive, alpha-beta T cell', 'naive thymus-derived CD8-positive, alpha-beta T cell', 'natural killer cell', 'neutrophil', 'non-classical monocyte', 'plasmablast', 'plasmacytoid dendritic cell, human', 'platelet', 'regulatory T cell', 'transitional stage B cell']","['COVID-19', 'normal']","[""10x 3' v3""]","[""10x 3' v3""]",4c4cd77c-8fee-4836-9145-16562a8782fe,0.0,"step2:https://wandb.ai/xzy11632/dance-dev/sweeps/ima2tq3b|step3:https://wandb.ai/xzy11632/dance-dev/sweeps/222vf081,https://wandb.ai/xzy11632/dance-dev/sweeps/1ncn0sd5,https://wandb.ai/xzy11632/dance-dev/sweeps/lsi2wt0g","- type: filter.gene
  target: FilterGenesScanpyOrder
  params:
    order:
    - min_counts
    - min_cells
    - max_counts
    - max_cells
    min_counts: 0.01
    max_counts: 0.99
    min_cells: 0.01
    max_cells: 0.99
- type: normalize
  target: Log1P
  params: {}
- type: filter.gene
  target: HighlyVariableGenesRawCount
  params:
    n_top_genes: 3000
- type: feature.cell
  params:
    out: feature.cell
    log_level: INFO
    split_name: train
  target: WeightedFeatureSVD
- type: misc
  target: SetConfig
  params:
    config_dict:
      feature_channel: feature.cell
      label_channel: cell_type
",0.262499988079071,all_total_runs:168|all_finished_runs:143|step2_total_runs:108|step2_finished_runs:89|step3_0_total_runs:20|step3_0_finished_runs:15|step3_1_total_runs:20|step3_1_finished_runs:19|step3_2_total_runs:20|step3_2_finished_runs:20|finished_rate:85.12%,False,"- type: filter.gene
  target: FilterGenesScanpyOrder
  params:
    order:
    - min_counts
    - min_cells
    - max_counts
    - max_cells
    min_counts: 0.01
    max_counts: 0.99
    min_cells: 0.01
    max_cells: 0.99
- type: normalize
  target: Log1P
  params: {}
- type: filter.gene
  target: HighlyVariableGenesRawCount
  params:
    n_top_genes: 3000
- type: feature.cell
  params:
    out: feature.cell
    log_level: INFO
    split_name: train
  target: WeightedFeatureSVD
- type: misc
  target: SetConfig
  params:
    config_dict:
      feature_channel: feature.cell
      label_channel: cell_type
",0.262499988079071,"step2:https://wandb.ai/xzy11632/dance-dev/sweeps/hr0mnqqd|step3:https://wandb.ai/xzy11632/dance-dev/sweeps/54tta84y,https://wandb.ai/xzy11632/dance-dev/sweeps/npvbs7uu,https://wandb.ai/xzy11632/dance-dev/sweeps/x972darj","- type: filter.gene
  target: FilterGenesPlaceHolder
  params: {}
- type: normalize
  target: NormalizeTotal
  params: {}
- type: filter.gene
  target: FilterGenesTopK
  params:
    num_genes: 3000
- type: feature.cell
  params:
    out: feature.cell
    log_level: INFO
  target: GaussRandProjFeature
- type: misc
  target: SetConfig
  params:
    config_dict:
      feature_channel: feature.cell
      label_channel: cell_type
",0.264999985694885,all_total_runs:133|all_finished_runs:122|step2_total_runs:90|step2_finished_runs:82|step3_0_total_runs:20|step3_0_finished_runs:20|step3_1_total_runs:3|step3_1_finished_runs:0|step3_2_total_runs:20|step3_2_finished_runs:20|finished_rate:91.73%,0.0,"- type: filter.gene
  target: FilterGenesPlaceHolder
  params: {}
- type: normalize
  target: NormalizeTotal
  params: {}
- type: filter.gene
  target: FilterGenesTopK
  params:
    num_genes: 3000
- type: feature.cell
  params:
    out: feature.cell
    log_level: INFO
  target: GaussRandProjFeature
- type: misc
  target: SetConfig
  params:
    config_dict:
      feature_channel: feature.cell
      label_channel: cell_type
",0.264999985694885,"step2:https://wandb.ai/xzy11632/dance-dev/sweeps/f4satfws|step3:https://wandb.ai/xzy11632/dance-dev/sweeps/vdz9ugfc,https://wandb.ai/xzy11632/dance-dev/sweeps/n697qokc,https://wandb.ai/xzy11632/dance-dev/sweeps/qhb8s8tn","- type: filter.gene
  target: FilterGenesPercentile
  params: {}
- type: normalize
  target: Log1P
  params: {}
- type: filter.gene
  target: FilterGenesTopK
  params:
    num_genes: 3000
- type: feature.cell
  params:
    out: feature.cell
    log_level: INFO
    split_name: train
  target: WeightedFeaturePCA
- type: graph.cell
  target: CellFeatureGraph
  params:
    cell_feature_channel: feature.cell
- type: misc
  target: SetConfig
  params:
    config_dict:
      label_channel: cell_type
",0.273000001907349,all_total_runs:90|all_finished_runs:80|step2_total_runs:30|step2_finished_runs:29|step3_0_total_runs:20|step3_0_finished_runs:17|step3_1_total_runs:20|step3_1_finished_runs:17|step3_2_total_runs:20|step3_2_finished_runs:17|finished_rate:88.89%,False,"- type: filter.gene
  target: FilterGenesPercentile
  params: {}
- type: normalize
  target: Log1P
  params: {}
- type: filter.gene
  target: FilterGenesTopK
  params:
    num_genes: 3000
- type: feature.cell
  params:
    out: feature.cell
    log_level: INFO
    split_name: train
  target: WeightedFeaturePCA
- type: graph.cell
  target: CellFeatureGraph
  params:
    cell_feature_channel: feature.cell
- type: misc
  target: SetConfig
  params:
    config_dict:
      label_channel: cell_type
",0.273000001907349,"step2:https://wandb.ai/xzy11632/dance-dev/sweeps/31e415e9|step3:https://wandb.ai/xzy11632/dance-dev/sweeps/lau0am18,https://wandb.ai/xzy11632/dance-dev/sweeps/os5rf7a4","- type: filter.gene
  target: FilterGenesScanpyOrder
  params:
    order:
    - max_cells
    - min_counts
    - min_cells
    - max_counts
    min_counts: 109
    min_cells: 0.09025496563756236
    max_counts: 0.9090173689810052
    max_cells: 0.9571237641838948
- type: normalize
  target: NormalizeTotal
  params:
    target_sum: 1000
    max_fraction: 1
- type: filter.gene
  target: FilterGenesNumberPlaceHolder
- type: feature.cell
  target: SCNFeature
- type: misc
  target: SetConfig
  params:
    config_dict:
      feature_channel: SCNFeature
      label_channel: cell_type
",0.267,all_total_runs:58|all_finished_runs:52|step2_total_runs:18|step2_finished_runs:16|step3_0_total_runs:20|step3_0_finished_runs:18|step3_1_total_runs:20|step3_1_finished_runs:18|finished_rate:89.66%,False,"- type: filter.gene
  target: FilterGenesPercentile
  params: {}
- type: normalize
  target: ScaleFeature
  params: {}
- type: filter.gene
  target: FilterGenesNumberPlaceHolder
  params: {}
- type: feature.cell
  target: SCNFeature
- type: misc
  target: SetConfig
  params:
    config_dict:
      feature_channel: SCNFeature
      label_channel: cell_type
",0.2665,human,Blood,10000,train,train_human_Blood4c4cd77c-8fee-4836-9145-16562a8782fe_data.h5ad,https://www.dropbox.com/scl/fi/lgqrq59631rxrwrajkii5/human_Blood4c4cd77c-8fee-4836-9145-16562a8782fe_data.h5ad?rlkey=3a1176le2rorzd82rf4mmswyz&st=2bpcrwsq&dl=1,4c4cd77c-8fee-4836-9145-16562a8782fe
ae29ebd0-1973-40a4-a6af-d15a5f77a80f_Blood,9.0,10000.0,11124.0,16.0,16693735.0,20333.0,"['CD16-negative, CD56-bright natural killer cell, human', 'CD16-positive, CD56-dim natural killer cell, human', 'CD4-positive helper T cell', 'CD8-positive, alpha-beta memory T cell', 'CD8-positive, alpha-beta memory T cell, CD45RO-positive', 'T follicular helper cell', 'alpha-beta T cell', 'effector memory CD4-positive, alpha-beta T cell', 'effector memory CD8-positive, alpha-beta T cell, terminally differentiated', 'gamma-delta T cell', 'group 3 innate lymphoid cell', 'lymphocyte', 'mucosal invariant T cell', 'naive thymus-derived CD4-positive, alpha-beta T cell', 'naive thymus-derived CD8-positive, alpha-beta T cell', 'regulatory T cell']",['normal'],Blood,10000.0,"['CD16-negative, CD56-bright natural killer cell, human', 'CD16-positive, CD56-dim natural killer cell, human', 'CD4-positive helper T cell', 'CD8-positive, alpha-beta memory T cell', 'CD8-positive, alpha-beta memory T cell, CD45RO-positive', 'T follicular helper cell', 'alpha-beta T cell', 'effector memory CD4-positive, alpha-beta T cell', 'effector memory CD8-positive, alpha-beta T cell, terminally differentiated', 'gamma-delta T cell', 'group 3 innate lymphoid cell', 'lymphocyte', 'mucosal invariant T cell', 'naive thymus-derived CD4-positive, alpha-beta T cell', 'naive thymus-derived CD8-positive, alpha-beta T cell', 'regulatory T cell']",['normal'],"[""10x 3' v3"", ""10x 5' v1"", ""10x 5' v2""]","[""10x 3' v3"", ""10x 5' v1"", ""10x 5' v2""]",ae29ebd0-1973-40a4-a6af-d15a5f77a80f,0.0,"step2:https://wandb.ai/xzy11632/dance-dev/sweeps/wsnd80we|step3:https://wandb.ai/xzy11632/dance-dev/sweeps/sgqezttd,https://wandb.ai/xzy11632/dance-dev/sweeps/ieex1bsb,https://wandb.ai/xzy11632/dance-dev/sweeps/b434i3wy","- type: filter.gene
  target: FilterGenesScanpyOrder
  params:
    order:
    - min_counts
    - min_cells
    - max_counts
    - max_cells
    min_counts: 0.01
    max_counts: 0.99
    min_cells: 0.01
    max_cells: 0.99
- type: normalize
  target: Log1P
  params: {}
- type: filter.gene
  target: HighlyVariableGenesLogarithmizedByMeanAndDisp
  params: {}
- type: feature.cell
  params:
    out: feature.cell
    log_level: INFO
    split_name: train
  target: WeightedFeatureSVD
- type: misc
  target: SetConfig
  params:
    config_dict:
      feature_channel: feature.cell
      label_channel: cell_type
",0.310000002384186,all_total_runs:140|all_finished_runs:52|step2_total_runs:108|step2_finished_runs:49|step3_0_total_runs:6|step3_0_finished_runs:0|step3_1_total_runs:20|step3_1_finished_runs:3|step3_2_total_runs:6|step3_2_finished_runs:0|finished_rate:37.14%,True,"- type: filter.gene
  target: FilterGenesScanpyOrder
  params:
    order:
    - min_counts
    - min_cells
    - max_counts
    - max_cells
    min_counts: 0.01
    max_counts: 0.99
    min_cells: 0.01
    max_cells: 0.99
- type: normalize
  target: Log1P
  params: {}
- type: filter.gene
  target: HighlyVariableGenesLogarithmizedByMeanAndDisp
  params: {}
- type: feature.cell
  params:
    out: feature.cell
    log_level: INFO
    split_name: train
  target: WeightedFeatureSVD
- type: misc
  target: SetConfig
  params:
    config_dict:
      feature_channel: feature.cell
      label_channel: cell_type
",0.310000002384186,"step2:https://wandb.ai/xzy11632/dance-dev/sweeps/uv7qd1dd|step3:https://wandb.ai/xzy11632/dance-dev/sweeps/g8cmgsqg,https://wandb.ai/xzy11632/dance-dev/sweeps/3lbcapbl,https://wandb.ai/xzy11632/dance-dev/sweeps/ofkhxclu","- type: filter.gene
  target: FilterGenesScanpyOrder
  params:
    order:
    - min_cells
    - max_cells
    - max_counts
    - min_counts
    min_counts: 484
    min_cells: 0.014205778973761195
    max_counts: 0.906939975141016
    max_cells: 0.9849977409350974
- type: normalize
  target: NormalizeTotal
  params:
    target_sum: 1000
    max_fraction: 0.7
- type: filter.gene
  target: HighlyVariableGenesRawCount
  params:
    n_top_genes: 9338
    span: 0.590373556629491
- type: feature.cell
  target: FeatureCellPlaceHolder
  params:
    out: feature.cell
    log_level: INFO
- type: misc
  target: SetConfig
  params:
    config_dict:
      feature_channel: feature.cell
      label_channel: cell_type
",0.298000007867813,all_total_runs:150|all_finished_runs:132|step2_total_runs:90|step2_finished_runs:76|step3_0_total_runs:20|step3_0_finished_runs:18|step3_1_total_runs:20|step3_1_finished_runs:20|step3_2_total_runs:20|step3_2_finished_runs:18|finished_rate:88.00%,0.0,"- type: filter.gene
  target: FilterGenesScanpyOrder
  params:
    order:
    - min_counts
    - min_cells
    - max_counts
    - max_cells
    min_counts: 0.01
    max_counts: 0.99
    min_cells: 0.01
    max_cells: 0.99
- type: normalize
  target: NormalizeTotalLog1P
  params: {}
- type: filter.gene
  target: FilterGenesTopK
  params:
    num_genes: 3000
- type: feature.cell
  params:
    out: feature.cell
    log_level: INFO
  target: FeatureCellPlaceHolder
- type: misc
  target: SetConfig
  params:
    config_dict:
      feature_channel: feature.cell
      label_channel: cell_type
",0.275000005960464,step2:https://wandb.ai/xzy11632/dance-dev/sweeps/m6kfh3fd|step3:https://wandb.ai/xzy11632/dance-dev/sweeps/1gdk9b2t,"- type: filter.gene
  target: FilterGenesScanpyOrder
  params:
    order:
    - min_counts
    - min_cells
    - max_counts
    - max_cells
    min_counts: 0.01
    max_counts: 0.99
    min_cells: 0.01
    max_cells: 0.99
- type: normalize
  target: Log1P
  params: {}
- type: filter.gene
  target: HighlyVariableGenesLogarithmizedByMeanAndDisp
  params: {}
- type: feature.cell
  params:
    out: feature.cell
    log_level: INFO
    split_name: train
  target: WeightedFeaturePCA
- type: graph.cell
  target: CellFeatureGraph
  params:
    cell_feature_channel: feature.cell
- type: misc
  target: SetConfig
  params:
    config_dict:
      label_channel: cell_type
",0.317999988794327,all_total_runs:50|all_finished_runs:30|step2_total_runs:30|step2_finished_runs:30|step3_0_total_runs:20|step3_0_finished_runs:0|finished_rate:60.00%,False,"- type: filter.gene
  target: FilterGenesScanpyOrder
  params:
    order:
    - min_counts
    - min_cells
    - max_counts
    - max_cells
    min_counts: 0.01
    max_counts: 0.99
    min_cells: 0.01
    max_cells: 0.99
- type: normalize
  target: Log1P
  params: {}
- type: filter.gene
  target: HighlyVariableGenesLogarithmizedByMeanAndDisp
  params: {}
- type: feature.cell
  params:
    out: feature.cell
    log_level: INFO
    split_name: train
  target: WeightedFeaturePCA
- type: graph.cell
  target: CellFeatureGraph
  params:
    cell_feature_channel: feature.cell
- type: misc
  target: SetConfig
  params:
    config_dict:
      label_channel: cell_type
",0.317999988794327,"step2:https://wandb.ai/xzy11632/dance-dev/sweeps/q7enujkk|step3:https://wandb.ai/xzy11632/dance-dev/sweeps/hudkhta9,https://wandb.ai/xzy11632/dance-dev/sweeps/t2xkccgd,https://wandb.ai/xzy11632/dance-dev/sweeps/hu6j1bar","- type: filter.gene
  target: FilterGenesScanpyOrder
  params:
    order:
    - max_counts
    - min_counts
    - max_cells
    - min_cells
    min_counts: 388
    min_cells: 0.04634717189816378
    max_counts: 0.9636708641867796
    max_cells: 0.9947870797785932
- type: normalize
  target: NormalizeTotalLog1P
  params:
    base: 6.331055590586534
    target_sum: null
    max_fraction: 0.05
- type: filter.gene
  target: HighlyVariableGenesRawCount
  params:
    n_top_genes: 8333
    span: 0.3408231024982288
- type: feature.cell
  target: SCNFeature
- type: misc
  target: SetConfig
  params:
    config_dict:
      feature_channel: SCNFeature
      label_channel: cell_type
",0.329,all_total_runs:78|all_finished_runs:35|step2_total_runs:18|step2_finished_runs:15|step3_0_total_runs:20|step3_0_finished_runs:0|step3_1_total_runs:20|step3_1_finished_runs:0|step3_2_total_runs:20|step3_2_finished_runs:20|finished_rate:44.87%,True,"- type: filter.gene
  target: FilterGenesPercentile
  params: {}
- type: normalize
  target: ScaleFeature
  params: {}
- type: filter.gene
  target: FilterGenesRegression
  params:
    num_genes: 3000
- type: feature.cell
  target: SCNFeature
- type: misc
  target: SetConfig
  params:
    config_dict:
      feature_channel: SCNFeature
      label_channel: cell_type
",0.3285,human,Blood,10000,train,train_human_Bloodae29ebd0-1973-40a4-a6af-d15a5f77a80f_data.h5ad,https://www.dropbox.com/scl/fi/ax97ls2ojm3x5asoip2ji/human_Bloodae29ebd0-1973-40a4-a6af-d15a5f77a80f_data.h5ad?rlkey=k51mhhavmzfy4xq8gx52tjtq8&st=14tfycvk&dl=1,ae29ebd0-1973-40a4-a6af-d15a5f77a80f
c2a461b1-0c15-4047-9fcb-1f966fe55100_Blood,10.0,10000.0,13697.0,26.0,14563552.0,97499.0,"['B cell', 'CD14-low, CD16-positive monocyte', 'CD14-positive monocyte', 'CD16-negative, CD56-bright natural killer cell, human', 'CD16-positive, CD56-dim natural killer cell, human', 'CD4-positive, alpha-beta memory T cell', 'CD8-positive, alpha-beta memory T cell', 'T cell', 'conventional dendritic cell', 'erythrocyte', 'gamma-delta T cell', 'hematopoietic stem cell', 'immature B cell', 'mature NK T cell', 'memory B cell', 'mucosal invariant T cell', 'naive B cell', 'naive thymus-derived CD4-positive, alpha-beta T cell', 'naive thymus-derived CD8-positive, alpha-beta T cell', 'natural killer cell', 'neutrophil', 'plasma cell', 'plasmablast', 'plasmacytoid dendritic cell', 'platelet', 'regulatory T cell']",['COVID-19'],Blood,10000.0,"['B cell', 'CD14-low, CD16-positive monocyte', 'CD14-positive monocyte', 'CD16-negative, CD56-bright natural killer cell, human', 'CD16-positive, CD56-dim natural killer cell, human', 'CD4-positive, alpha-beta memory T cell', 'CD8-positive, alpha-beta memory T cell', 'T cell', 'conventional dendritic cell', 'erythrocyte', 'gamma-delta T cell', 'hematopoietic stem cell', 'immature B cell', 'mature NK T cell', 'memory B cell', 'mucosal invariant T cell', 'naive B cell', 'naive thymus-derived CD4-positive, alpha-beta T cell', 'naive thymus-derived CD8-positive, alpha-beta T cell', 'natural killer cell', 'neutrophil', 'plasma cell', 'plasmablast', 'plasmacytoid dendritic cell', 'platelet', 'regulatory T cell']",['COVID-19'],"[""10x 5' v1""]","[""10x 5' v1""]",c2a461b1-0c15-4047-9fcb-1f966fe55100,0.0,"step2:https://wandb.ai/xzy11632/dance-dev/sweeps/w5selroe|step3:https://wandb.ai/xzy11632/dance-dev/sweeps/zsiscdo9,https://wandb.ai/xzy11632/dance-dev/sweeps/axkin8cz,https://wandb.ai/xzy11632/dance-dev/sweeps/tm4tq8yr","- type: filter.gene
  target: FilterGenesScanpyOrder
  params:
    order:
    - min_counts
    - min_cells
    - max_counts
    - max_cells
    min_counts: 0.01
    max_counts: 0.99
    min_cells: 0.01
    max_cells: 0.99
- type: normalize
  target: NormalizeTotalLog1P
  params: {}
- type: filter.gene
  target: FilterGenesTopK
  params:
    num_genes: 3000
- type: feature.cell
  params:
    out: feature.cell
    log_level: INFO
    split_name: train
  target: WeightedFeaturePCA
- type: misc
  target: SetConfig
  params:
    config_dict:
      feature_channel: feature.cell
      label_channel: cell_type
",0.293999999761581,all_total_runs:168|all_finished_runs:151|step2_total_runs:108|step2_finished_runs:94|step3_0_total_runs:20|step3_0_finished_runs:20|step3_1_total_runs:20|step3_1_finished_runs:20|step3_2_total_runs:20|step3_2_finished_runs:17|finished_rate:89.88%,False,"- type: filter.gene
  target: FilterGenesScanpyOrder
  params:
    order:
    - min_counts
    - min_cells
    - max_counts
    - max_cells
    min_counts: 0.01
    max_counts: 0.99
    min_cells: 0.01
    max_cells: 0.99
- type: normalize
  target: NormalizeTotalLog1P
  params: {}
- type: filter.gene
  target: FilterGenesTopK
  params:
    num_genes: 3000
- type: feature.cell
  params:
    out: feature.cell
    log_level: INFO
    split_name: train
  target: WeightedFeaturePCA
- type: misc
  target: SetConfig
  params:
    config_dict:
      feature_channel: feature.cell
      label_channel: cell_type
",0.293999999761581,"step2:https://wandb.ai/xzy11632/dance-dev/sweeps/2zgrble3|step3:https://wandb.ai/xzy11632/dance-dev/sweeps/qholrxxz,https://wandb.ai/xzy11632/dance-dev/sweeps/zf0l5epz,https://wandb.ai/xzy11632/dance-dev/sweeps/0e3wlmpc","- type: filter.gene
  target: FilterGenesScanpyOrder
  params:
    order:
    - min_counts
    - min_cells
    - max_counts
    - max_cells
    min_counts: 0.01
    max_counts: 0.99
    min_cells: 0.01
    max_cells: 0.99
- type: normalize
  target: NormalizeTotalLog1P
  params: {}
- type: filter.gene
  target: HighlyVariableGenesRawCount
  params:
    n_top_genes: 3000
- type: feature.cell
  params:
    out: feature.cell
    log_level: INFO
  target: FeatureCellPlaceHolder
- type: misc
  target: SetConfig
  params:
    config_dict:
      feature_channel: feature.cell
      label_channel: cell_type
",0.252999991178513,all_total_runs:133|all_finished_runs:122|step2_total_runs:90|step2_finished_runs:84|step3_0_total_runs:3|step3_0_finished_runs:0|step3_1_total_runs:20|step3_1_finished_runs:18|step3_2_total_runs:20|step3_2_finished_runs:20|finished_rate:91.73%,0.0,"- type: filter.gene
  target: FilterGenesScanpyOrder
  params:
    order:
    - min_counts
    - min_cells
    - max_counts
    - max_cells
    min_counts: 0.01
    max_counts: 0.99
    min_cells: 0.01
    max_cells: 0.99
- type: normalize
  target: NormalizeTotalLog1P
  params: {}
- type: filter.gene
  target: HighlyVariableGenesRawCount
  params:
    n_top_genes: 3000
- type: feature.cell
  params:
    out: feature.cell
    log_level: INFO
  target: FeatureCellPlaceHolder
- type: misc
  target: SetConfig
  params:
    config_dict:
      feature_channel: feature.cell
      label_channel: cell_type
",0.252999991178513,"step2:https://wandb.ai/xzy11632/dance-dev/sweeps/d6qz77p0|step3:https://wandb.ai/xzy11632/dance-dev/sweeps/1bkowaaq,https://wandb.ai/xzy11632/dance-dev/sweeps/ob4hvsj7,https://wandb.ai/xzy11632/dance-dev/sweeps/sayjmfmi","- type: filter.gene
  target: FilterGenesScanpyOrder
  params:
    order:
    - min_counts
    - min_cells
    - max_counts
    - max_cells
    min_counts: 0.01
    max_counts: 0.99
    min_cells: 0.01
    max_cells: 0.99
- type: normalize
  target: ScTransform
  params:
    processes_num: 8
- type: filter.gene
  target: HighlyVariableGenesLogarithmizedByMeanAndDisp
  params: {}
- type: feature.cell
  params:
    out: feature.cell
    log_level: INFO
    split_name: train
  target: WeightedFeatureSVD
- type: graph.cell
  target: CellFeatureGraph
  params:
    cell_feature_channel: feature.cell
- type: misc
  target: SetConfig
  params:
    config_dict:
      label_channel: cell_type
",0.271499991416931,all_total_runs:73|all_finished_runs:69|step2_total_runs:30|step2_finished_runs:30|step3_0_total_runs:20|step3_0_finished_runs:19|step3_1_total_runs:3|step3_1_finished_runs:0|step3_2_total_runs:20|step3_2_finished_runs:20|finished_rate:94.52%,False,"- type: filter.gene
  target: FilterGenesScanpyOrder
  params:
    order:
    - min_counts
    - min_cells
    - max_counts
    - max_cells
    min_counts: 0.01
    max_counts: 0.99
    min_cells: 0.01
    max_cells: 0.99
- type: normalize
  target: ScTransform
  params:
    processes_num: 8
- type: filter.gene
  target: HighlyVariableGenesLogarithmizedByMeanAndDisp
  params: {}
- type: feature.cell
  params:
    out: feature.cell
    log_level: INFO
    split_name: train
  target: WeightedFeatureSVD
- type: graph.cell
  target: CellFeatureGraph
  params:
    cell_feature_channel: feature.cell
- type: misc
  target: SetConfig
  params:
    config_dict:
      label_channel: cell_type
",0.271499991416931,"step2:https://wandb.ai/xzy11632/dance-dev/sweeps/opd85aqk|step3:https://wandb.ai/xzy11632/dance-dev/sweeps/lrzwg18r,https://wandb.ai/xzy11632/dance-dev/sweeps/q3o55ngh,https://wandb.ai/xzy11632/dance-dev/sweeps/cgjpsor1","- type: filter.gene
  target: FilterGenesPlaceHolder
  params: {}
- type: normalize
  target: NormalizeTotalLog1P
  params: {}
- type: filter.gene
  target: HighlyVariableGenesLogarithmizedByTopGenes
  params:
    n_top_genes: 3000
- type: feature.cell
  target: SCNFeature
- type: misc
  target: SetConfig
  params:
    config_dict:
      feature_channel: SCNFeature
      label_channel: cell_type
",0.289,all_total_runs:93|all_finished_runs:56|step2_total_runs:33|step2_finished_runs:14|step3_0_total_runs:20|step3_0_finished_runs:20|step3_1_total_runs:20|step3_1_finished_runs:20|step3_2_total_runs:20|step3_2_finished_runs:2|finished_rate:60.22%,False,"- type: filter.gene
  target: FilterGenesPlaceHolder
  params: {}
- type: normalize
  target: NormalizeTotalLog1P
  params: {}
- type: filter.gene
  target: HighlyVariableGenesLogarithmizedByTopGenes
  params:
    n_top_genes: 3000
- type: feature.cell
  target: SCNFeature
- type: misc
  target: SetConfig
  params:
    config_dict:
      feature_channel: SCNFeature
      label_channel: cell_type
",0.289,human,Blood,10000,train,train_human_Bloodc2a461b1-0c15-4047-9fcb-1f966fe55100_data.h5ad,https://www.dropbox.com/scl/fi/2ze4zzjl9ho0yioypet94/human_Bloodc2a461b1-0c15-4047-9fcb-1f966fe55100_data.h5ad?rlkey=4tjvgzj69eqnwqt34y6ykjxx7&st=6eazya61&dl=1,c2a461b1-0c15-4047-9fcb-1f966fe55100
8a554710-08bc-4005-87cd-da9675bdc2e7_Blood,16.0,4232.0,5599.0,6.0,3617184.0,4232.0,"['B cell', 'mature NK T cell', 'myeloid cell', 'plasma cell', 'platelet', 'unknown']",['COVID-19'],Blood,,,,"[""10x 3' v3""]",,8a554710-08bc-4005-87cd-da9675bdc2e7,0.0,"step2:https://wandb.ai/xzy11632/dance-dev/sweeps/k4i7ba7r|step3:https://wandb.ai/xzy11632/dance-dev/sweeps/i775en54,https://wandb.ai/xzy11632/dance-dev/sweeps/zyh44yyt,https://wandb.ai/xzy11632/dance-dev/sweeps/b1x55dpt","- type: filter.gene
  target: FilterGenesPercentile
  params: {}
- type: normalize
  target: ScTransform
  params:
    processes_num: 8
- type: filter.gene
  target: FilterGenesNumberPlaceHolder
  params: {}
- type: feature.cell
  params:
    out: feature.cell
    log_level: INFO
  target: CellPCA
- type: misc
  target: SetConfig
  params:
    config_dict:
      feature_channel: feature.cell
      label_channel: cell_type
",0.845336496829987,all_total_runs:168|all_finished_runs:113|step2_total_runs:108|step2_finished_runs:58|step3_0_total_runs:20|step3_0_finished_runs:20|step3_1_total_runs:20|step3_1_finished_runs:20|step3_2_total_runs:20|step3_2_finished_runs:15|finished_rate:67.26%,False,"- type: filter.gene
  target: FilterGenesPercentile
  params: {}
- type: normalize
  target: ScTransform
  params:
    processes_num: 8
- type: filter.gene
  target: FilterGenesNumberPlaceHolder
  params: {}
- type: feature.cell
  params:
    out: feature.cell
    log_level: INFO
  target: CellPCA
- type: misc
  target: SetConfig
  params:
    config_dict:
      feature_channel: feature.cell
      label_channel: cell_type
",0.845336496829987,"step2:https://wandb.ai/xzy11632/dance-dev/sweeps/nmrb0v6h|step3:https://wandb.ai/xzy11632/dance-dev/sweeps/dcr6g34j,https://wandb.ai/xzy11632/dance-dev/sweeps/u58lr73n,https://wandb.ai/xzy11632/dance-dev/sweeps/1pokqj1h","- type: filter.gene
  target: FilterGenesScanpyOrder
  params:
    order:
    - min_counts
    - min_cells
    - max_counts
    - max_cells
    min_counts: 0.01
    max_counts: 0.99
    min_cells: 0.01
    max_cells: 0.99
- type: normalize
  target: ScaleFeature
  params: {}
- type: filter.gene
  target: FilterGenesRegression
  params:
    num_genes: 3000
- type: feature.cell
  params:
    out: feature.cell
    log_level: INFO
  target: FeatureCellPlaceHolder
- type: misc
  target: SetConfig
  params:
    config_dict:
      feature_channel: feature.cell
      label_channel: cell_type
",0.853600919246674,all_total_runs:150|all_finished_runs:134|step2_total_runs:90|step2_finished_runs:80|step3_0_total_runs:20|step3_0_finished_runs:17|step3_1_total_runs:20|step3_1_finished_runs:17|step3_2_total_runs:20|step3_2_finished_runs:20|finished_rate:89.33%,0.0,"- type: filter.gene
  target: FilterGenesScanpyOrder
  params:
    order:
    - min_counts
    - min_cells
    - max_counts
    - max_cells
    min_counts: 0.01
    max_counts: 0.99
    min_cells: 0.01
    max_cells: 0.99
- type: normalize
  target: ScaleFeature
  params: {}
- type: filter.gene
  target: FilterGenesRegression
  params:
    num_genes: 3000
- type: feature.cell
  params:
    out: feature.cell
    log_level: INFO
  target: FeatureCellPlaceHolder
- type: misc
  target: SetConfig
  params:
    config_dict:
      feature_channel: feature.cell
      label_channel: cell_type
",0.853600919246674,"step2:https://wandb.ai/xzy11632/dance-dev/sweeps/0rx6pt35|step3:https://wandb.ai/xzy11632/dance-dev/sweeps/ht9blv7e,https://wandb.ai/xzy11632/dance-dev/sweeps/l4a7sbkz,https://wandb.ai/xzy11632/dance-dev/sweeps/o0svbl0d","- type: filter.gene
  target: FilterGenesScanpyOrder
  params:
    order:
    - min_counts
    - min_cells
    - max_counts
    - max_cells
    min_counts: 0.01
    max_counts: 0.99
    min_cells: 0.01
    max_cells: 0.99
- type: normalize
  target: NormalizePlaceHolder
  params: {}
- type: filter.gene
  target: FilterGenesRegression
  params:
    num_genes: 3000
- type: feature.cell
  params:
    out: feature.cell
    log_level: INFO
    split_name: train
  target: WeightedFeaturePCA
- type: graph.cell
  target: CellFeatureGraph
  params:
    cell_feature_channel: feature.cell
- type: misc
  target: SetConfig
  params:
    config_dict:
      label_channel: cell_type
",0.854781568050385,all_total_runs:90|all_finished_runs:87|step2_total_runs:30|step2_finished_runs:30|step3_0_total_runs:20|step3_0_finished_runs:19|step3_1_total_runs:20|step3_1_finished_runs:18|step3_2_total_runs:20|step3_2_finished_runs:20|finished_rate:96.67%,False,"- type: filter.gene
  target: FilterGenesScanpyOrder
  params:
    order:
    - min_counts
    - min_cells
    - max_counts
    - max_cells
    min_counts: 0.01
    max_counts: 0.99
    min_cells: 0.01
    max_cells: 0.99
- type: normalize
  target: NormalizePlaceHolder
  params: {}
- type: filter.gene
  target: FilterGenesRegression
  params:
    num_genes: 3000
- type: feature.cell
  params:
    out: feature.cell
    log_level: INFO
    split_name: train
  target: WeightedFeaturePCA
- type: graph.cell
  target: CellFeatureGraph
  params:
    cell_feature_channel: feature.cell
- type: misc
  target: SetConfig
  params:
    config_dict:
      label_channel: cell_type
",0.854781568050385,"step2:https://wandb.ai/xzy11632/dance-dev/sweeps/xw4ymc0j|step3:https://wandb.ai/xzy11632/dance-dev/sweeps/peqql8f6,https://wandb.ai/xzy11632/dance-dev/sweeps/86lw2o5y,https://wandb.ai/xzy11632/dance-dev/sweeps/qkhrabvh","- type: filter.gene
  target: FilterGenesScanpyOrder
  params:
    order:
    - max_cells
    - min_cells
    - min_counts
    - max_counts
    min_counts: 303
    min_cells: 0.06474349999539082
    max_counts: 0.9825331920634208
    max_cells: 0.9623995155531716
- type: normalize
  target: ScaleFeature
  params:
    mode: l2
    eps: 0.3
- type: filter.gene
  target: FilterGenesRegression
  params:
    method: seurat3
    num_genes: 2978
- type: feature.cell
  target: SCNFeature
- type: misc
  target: SetConfig
  params:
    config_dict:
      feature_channel: SCNFeature
      label_channel: cell_type
",0.844155844155844,all_total_runs:78|all_finished_runs:69|step2_total_runs:18|step2_finished_runs:13|step3_0_total_runs:20|step3_0_finished_runs:19|step3_1_total_runs:20|step3_1_finished_runs:19|step3_2_total_runs:20|step3_2_finished_runs:18|finished_rate:88.46%,False,"- type: filter.gene
  target: FilterGenesScanpyOrder
  params:
    order:
    - min_counts
    - min_cells
    - max_counts
    - max_cells
    min_counts: 0.01
    max_counts: 0.99
    min_cells: 0.01
    max_cells: 0.99
- type: normalize
  target: ScaleFeature
  params: {}
- type: filter.gene
  target: FilterGenesRegression
  params:
    num_genes: 3000
- type: feature.cell
  target: SCNFeature
- type: misc
  target: SetConfig
  params:
    config_dict:
      feature_channel: SCNFeature
      label_channel: cell_type
",0.84297520661157,human,Blood,4232,train,train_human_Blood8a554710-08bc-4005-87cd-da9675bdc2e7_data.h5ad,https://www.dropbox.com/scl/fi/3msp96ja6jfh5xlmw7a9x/human_Blood8a554710-08bc-4005-87cd-da9675bdc2e7_data.h5ad?rlkey=jpwwi9qs67zsnx1zu854an8q3&st=6c2xelpk&dl=1,8a554710-08bc-4005-87cd-da9675bdc2e7
d3566d6a-a455-4a15-980f-45eb29114cab_Blood,17.0,7142.0,304.0,30.0,797251.0,7142.0,"['CD16-negative, CD56-bright natural killer cell, human', 'CD16-positive, CD56-dim natural killer cell, human', 'CD4-positive, alpha-beta cytotoxic T cell', 'CD4-positive, alpha-beta memory T cell', 'CD8-positive, alpha-beta memory T cell', 'basophil mast progenitor cell', 'central memory CD8-positive, alpha-beta T cell', 'class switched memory B cell', 'classical monocyte', 'common dendritic progenitor', 'conventional dendritic cell', 'early promyelocyte', 'effector memory CD8-positive, alpha-beta T cell', 'erythroid progenitor cell', 'gamma-delta T cell', 'hematopoietic multipotent progenitor cell', 'immature B cell', 'late promyelocyte', 'lymphoid lineage restricted progenitor cell', 'megakaryocyte progenitor cell', 'megakaryocyte-erythroid progenitor cell', 'memory B cell', 'myelocyte', 'naive B cell', 'naive thymus-derived CD4-positive, alpha-beta T cell', 'naive thymus-derived CD8-positive, alpha-beta T cell', 'non-classical monocyte', 'plasma cell', 'plasmacytoid dendritic cell', 'unswitched memory B cell']",['normal'],Blood,,,,['BD Rhapsody Targeted mRNA'],,d3566d6a-a455-4a15-980f-45eb29114cab,0.0,step2:https://wandb.ai/xzy11632/dance-dev/sweeps/xd3d3ozd|step3:,"- type: filter.gene
  target: FilterGenesScanpyOrder
  params:
    order:
    - min_counts
    - min_cells
    - max_counts
    - max_cells
    min_counts: 0.01
    max_counts: 0.99
    min_cells: 0.01
    max_cells: 0.99
- type: normalize
  target: ScTransform
  params:
    processes_num: 8
- type: filter.gene
  target: HighlyVariableGenesLogarithmizedByMeanAndDisp
  params: {}
- type: feature.cell
  params:
    out: feature.cell
    log_level: INFO
  target: FeatureCellPlaceHolder
- type: misc
  target: SetConfig
  params:
    config_dict:
      feature_channel: feature.cell
      label_channel: cell_type
",0.359692096710205,all_total_runs:108|all_finished_runs:75|step2_total_runs:108|step2_finished_runs:75|finished_rate:69.44%,False,"- type: filter.gene
  target: FilterGenesScanpyOrder
  params:
    order:
    - min_counts
    - min_cells
    - max_counts
    - max_cells
    min_counts: 0.01
    max_counts: 0.99
    min_cells: 0.01
    max_cells: 0.99
- type: normalize
  target: ScTransform
  params:
    processes_num: 8
- type: filter.gene
  target: HighlyVariableGenesLogarithmizedByMeanAndDisp
  params: {}
- type: feature.cell
  params:
    out: feature.cell
    log_level: INFO
  target: FeatureCellPlaceHolder
- type: misc
  target: SetConfig
  params:
    config_dict:
      feature_channel: feature.cell
      label_channel: cell_type
",0.359692096710205,"step2:https://wandb.ai/xzy11632/dance-dev/sweeps/pbvcg0kk|step3:https://wandb.ai/xzy11632/dance-dev/sweeps/hnfdy8an,https://wandb.ai/xzy11632/dance-dev/sweeps/6jfojnhb,https://wandb.ai/xzy11632/dance-dev/sweeps/07pe15pa","- type: filter.gene
  target: FilterGenesScanpyOrder
  params:
    order:
    - min_counts
    - min_cells
    - max_counts
    - max_cells
    min_counts: 0.01
    max_counts: 0.99
    min_cells: 0.01
    max_cells: 0.99
- type: normalize
  target: NormalizePlaceHolder
  params: {}
- type: filter.gene
  target: FilterGenesRegression
  params:
    num_genes: 3000
- type: feature.cell
  params:
    out: feature.cell
    log_level: INFO
  target: GaussRandProjFeature
- type: misc
  target: SetConfig
  params:
    config_dict:
      feature_channel: feature.cell
      label_channel: cell_type
",0.372288316488266,all_total_runs:133|all_finished_runs:121|step2_total_runs:90|step2_finished_runs:86|step3_0_total_runs:20|step3_0_finished_runs:17|step3_1_total_runs:20|step3_1_finished_runs:18|step3_2_total_runs:3|step3_2_finished_runs:0|finished_rate:90.98%,0.0,"- type: filter.gene
  target: FilterGenesScanpyOrder
  params:
    order:
    - min_counts
    - min_cells
    - max_counts
    - max_cells
    min_counts: 0.01
    max_counts: 0.99
    min_cells: 0.01
    max_cells: 0.99
- type: normalize
  target: NormalizePlaceHolder
  params: {}
- type: filter.gene
  target: FilterGenesRegression
  params:
    num_genes: 3000
- type: feature.cell
  params:
    out: feature.cell
    log_level: INFO
  target: GaussRandProjFeature
- type: misc
  target: SetConfig
  params:
    config_dict:
      feature_channel: feature.cell
      label_channel: cell_type
",0.372288316488266,"step2:https://wandb.ai/xzy11632/dance-dev/sweeps/65yo3fze|step3:https://wandb.ai/xzy11632/dance-dev/sweeps/d0uz9nsw,https://wandb.ai/xzy11632/dance-dev/sweeps/kx0dz7va","- type: filter.gene
  target: FilterGenesScanpyOrder
  params:
    order:
    - min_counts
    - min_cells
    - max_counts
    - max_cells
    min_counts: 0.01
    max_counts: 0.99
    min_cells: 0.01
    max_cells: 0.99
- type: normalize
  target: ScaleFeature
  params: {}
- type: filter.gene
  target: HighlyVariableGenesRawCount
  params:
    n_top_genes: 3000
- type: feature.cell
  params:
    out: feature.cell
    log_level: INFO
    split_name: train
  target: WeightedFeatureSVD
- type: graph.cell
  target: CellFeatureGraph
  params:
    cell_feature_channel: feature.cell
- type: misc
  target: SetConfig
  params:
    config_dict:
      label_channel: cell_type
",0.376487046480179,all_total_runs:70|all_finished_runs:68|step2_total_runs:30|step2_finished_runs:30|step3_0_total_runs:20|step3_0_finished_runs:18|step3_1_total_runs:20|step3_1_finished_runs:20|finished_rate:97.14%,False,"- type: filter.gene
  target: FilterGenesScanpyOrder
  params:
    order:
    - min_counts
    - min_cells
    - max_counts
    - max_cells
    min_counts: 0.01
    max_counts: 0.99
    min_cells: 0.01
    max_cells: 0.99
- type: normalize
  target: ScaleFeature
  params: {}
- type: filter.gene
  target: HighlyVariableGenesRawCount
  params:
    n_top_genes: 3000
- type: feature.cell
  params:
    out: feature.cell
    log_level: INFO
    split_name: train
  target: WeightedFeatureSVD
- type: graph.cell
  target: CellFeatureGraph
  params:
    cell_feature_channel: feature.cell
- type: misc
  target: SetConfig
  params:
    config_dict:
      label_channel: cell_type
",0.376487046480179,"step2:https://wandb.ai/xzy11632/dance-dev/sweeps/knfyvu2n|step3:https://wandb.ai/xzy11632/dance-dev/sweeps/h9x9sp1x,https://wandb.ai/xzy11632/dance-dev/sweeps/uidz1ayv,https://wandb.ai/xzy11632/dance-dev/sweeps/nt7331t7","- type: filter.gene
  target: FilterGenesScanpyOrder
  params:
    order:
    - min_counts
    - min_cells
    - max_counts
    - max_cells
    min_counts: 0.01
    max_counts: 0.99
    min_cells: 0.01
    max_cells: 0.99
- type: normalize
  target: ScaleFeature
  params: {}
- type: filter.gene
  target: HighlyVariableGenesRawCount
  params:
    n_top_genes: 3000
- type: feature.cell
  target: SCNFeature
- type: misc
  target: SetConfig
  params:
    config_dict:
      feature_channel: SCNFeature
      label_channel: cell_type
",0.363191042687194,all_total_runs:78|all_finished_runs:58|step2_total_runs:18|step2_finished_runs:18|step3_0_total_runs:20|step3_0_finished_runs:20|step3_1_total_runs:20|step3_1_finished_runs:0|step3_2_total_runs:20|step3_2_finished_runs:20|finished_rate:74.36%,False,"- type: filter.gene
  target: FilterGenesScanpyOrder
  params:
    order:
    - min_counts
    - min_cells
    - max_counts
    - max_cells
    min_counts: 0.01
    max_counts: 0.99
    min_cells: 0.01
    max_cells: 0.99
- type: normalize
  target: ScaleFeature
  params: {}
- type: filter.gene
  target: HighlyVariableGenesRawCount
  params:
    n_top_genes: 3000
- type: feature.cell
  target: SCNFeature
- type: misc
  target: SetConfig
  params:
    config_dict:
      feature_channel: SCNFeature
      label_channel: cell_type
",0.363191042687194,human,Blood,7142,train,train_human_Bloodd3566d6a-a455-4a15-980f-45eb29114cab_data.h5ad,https://www.dropbox.com/scl/fi/rkihpmulg6mxg0a1o223b/human_Bloodd3566d6a-a455-4a15-980f-45eb29114cab_data.h5ad?rlkey=ez8p7a99a265u1g997m4e0xje&st=eenwcwfp&dl=1,d3566d6a-a455-4a15-980f-45eb29114cab
471647b3-04fe-4c76-8372-3264feb950e8_Blood,18.0,5749.0,9413.0,12.0,13029381.0,5749.0,"['common dendritic progenitor', 'common lymphoid progenitor', 'erythroblast', 'erythroid progenitor cell', 'granulocyte', 'hematopoietic multipotent progenitor cell', 'lymphoid lineage restricted progenitor cell', 'megakaryocyte-erythroid progenitor cell', 'myeloid lineage restricted progenitor cell', 'precursor B cell', 'pro-B cell', 'proerythroblast']",['normal'],Blood,,,,"[""10x 3' v3""]",,471647b3-04fe-4c76-8372-3264feb950e8,0.0,"step2:https://wandb.ai/xzy11632/dance-dev/sweeps/z6mr4mgw|step3:https://wandb.ai/xzy11632/dance-dev/sweeps/n5ao5al5,https://wandb.ai/xzy11632/dance-dev/sweeps/8rkre0e3,https://wandb.ai/xzy11632/dance-dev/sweeps/mk1vo49j","- type: filter.gene
  target: FilterGenesScanpyOrder
  params:
    order:
    - min_counts
    - min_cells
    - max_counts
    - max_cells
    min_counts: 0.01
    max_counts: 0.99
    min_cells: 0.01
    max_cells: 0.99
- type: normalize
  target: ScaleFeature
  params: {}
- type: filter.gene
  target: HighlyVariableGenesRawCount
  params:
    n_top_genes: 3000
- type: feature.cell
  params:
    out: feature.cell
    log_level: INFO
    split_name: train
  target: WeightedFeatureSVD
- type: misc
  target: SetConfig
  params:
    config_dict:
      feature_channel: feature.cell
      label_channel: cell_type
",0.436521738767624,all_total_runs:168|all_finished_runs:139|step2_total_runs:108|step2_finished_runs:91|step3_0_total_runs:20|step3_0_finished_runs:14|step3_1_total_runs:20|step3_1_finished_runs:20|step3_2_total_runs:20|step3_2_finished_runs:14|finished_rate:82.74%,False,"- type: filter.gene
  target: FilterGenesScanpyOrder
  params:
    order:
    - min_counts
    - min_cells
    - max_counts
    - max_cells
    min_counts: 0.01
    max_counts: 0.99
    min_cells: 0.01
    max_cells: 0.99
- type: normalize
  target: ScaleFeature
  params: {}
- type: filter.gene
  target: HighlyVariableGenesRawCount
  params:
    n_top_genes: 3000
- type: feature.cell
  params:
    out: feature.cell
    log_level: INFO
    split_name: train
  target: WeightedFeatureSVD
- type: misc
  target: SetConfig
  params:
    config_dict:
      feature_channel: feature.cell
      label_channel: cell_type
",0.436521738767624,"step2:https://wandb.ai/xzy11632/dance-dev/sweeps/ao19whom|step3:https://wandb.ai/xzy11632/dance-dev/sweeps/5i3wm3kt,https://wandb.ai/xzy11632/dance-dev/sweeps/7pk59qwk,https://wandb.ai/xzy11632/dance-dev/sweeps/7hdfstzc","- type: filter.gene
  target: FilterGenesScanpyOrder
  params:
    order:
    - max_cells
    - max_counts
    - min_counts
    - min_cells
    min_counts: 354
    min_cells: 0.0554287699535601
    max_counts: 0.9762166391990448
    max_cells: 0.9840826034234922
- type: normalize
  target: NormalizeTotalLog1P
  params:
    base: 4.109845515383505
    target_sum: 100000
    max_fraction: 0.01
- type: filter.gene
  target: FilterGenesRegression
  params:
    method: enclasc
    num_genes: 9479
- type: feature.cell
  target: FeatureCellPlaceHolder
  params:
    out: feature.cell
    log_level: INFO
- type: misc
  target: SetConfig
  params:
    config_dict:
      feature_channel: feature.cell
      label_channel: cell_type
",0.462608695030212,all_total_runs:150|all_finished_runs:143|step2_total_runs:90|step2_finished_runs:85|step3_0_total_runs:20|step3_0_finished_runs:20|step3_1_total_runs:20|step3_1_finished_runs:18|step3_2_total_runs:20|step3_2_finished_runs:20|finished_rate:95.33%,0.0,"- type: filter.gene
  target: FilterGenesPlaceHolder
  params: {}
- type: normalize
  target: NormalizeTotalLog1P
  params: {}
- type: filter.gene
  target: FilterGenesTopK
  params:
    num_genes: 3000
- type: feature.cell
  params:
    out: feature.cell
    log_level: INFO
  target: FeatureCellPlaceHolder
- type: misc
  target: SetConfig
  params:
    config_dict:
      feature_channel: feature.cell
      label_channel: cell_type
",0.455652177333832,"step2:https://wandb.ai/xzy11632/dance-dev/sweeps/jrx4wcx8|step3:https://wandb.ai/xzy11632/dance-dev/sweeps/wn1xjfje,https://wandb.ai/xzy11632/dance-dev/sweeps/koz0subu,https://wandb.ai/xzy11632/dance-dev/sweeps/u2gi6cpi","- type: filter.gene
  target: FilterGenesPercentile
  params: {}
- type: normalize
  target: Log1P
  params: {}
- type: filter.gene
  target: HighlyVariableGenesLogarithmizedByTopGenes
  params:
    n_top_genes: 3000
- type: feature.cell
  params:
    out: feature.cell
    log_level: INFO
    split_name: train
  target: WeightedFeaturePCA
- type: graph.cell
  target: CellFeatureGraph
  params:
    cell_feature_channel: feature.cell
- type: misc
  target: SetConfig
  params:
    config_dict:
      label_channel: cell_type
",0.462608695030212,all_total_runs:90|all_finished_runs:47|step2_total_runs:30|step2_finished_runs:30|step3_0_total_runs:20|step3_0_finished_runs:1|step3_1_total_runs:20|step3_1_finished_runs:16|step3_2_total_runs:20|step3_2_finished_runs:0|finished_rate:52.22%,True,"- type: filter.gene
  target: FilterGenesPercentile
  params: {}
- type: normalize
  target: Log1P
  params: {}
- type: filter.gene
  target: HighlyVariableGenesLogarithmizedByTopGenes
  params:
    n_top_genes: 3000
- type: feature.cell
  params:
    out: feature.cell
    log_level: INFO
    split_name: train
  target: WeightedFeaturePCA
- type: graph.cell
  target: CellFeatureGraph
  params:
    cell_feature_channel: feature.cell
- type: misc
  target: SetConfig
  params:
    config_dict:
      label_channel: cell_type
",0.462608695030212,"step2:https://wandb.ai/xzy11632/dance-dev/sweeps/z0t40e4z|step3:https://wandb.ai/xzy11632/dance-dev/sweeps/vygcaaxp,https://wandb.ai/xzy11632/dance-dev/sweeps/k3mvlvph,https://wandb.ai/xzy11632/dance-dev/sweeps/k7gydsoj","- type: filter.gene
  target: FilterGenesScanpyOrder
  params:
    order:
    - min_counts
    - min_cells
    - max_counts
    - max_cells
    min_counts: 0.01
    max_counts: 0.99
    min_cells: 0.01
    max_cells: 0.99
- type: normalize
  target: NormalizeTotal
  params: {}
- type: filter.gene
  target: FilterGenesNumberPlaceHolder
  params: {}
- type: feature.cell
  target: SCNFeature
- type: misc
  target: SetConfig
  params:
    config_dict:
      feature_channel: SCNFeature
      label_channel: cell_type
",0.446086956521739,all_total_runs:78|all_finished_runs:34|step2_total_runs:18|step2_finished_runs:16|step3_0_total_runs:20|step3_0_finished_runs:1|step3_1_total_runs:20|step3_1_finished_runs:15|step3_2_total_runs:20|step3_2_finished_runs:2|finished_rate:43.59%,True,"- type: filter.gene
  target: FilterGenesScanpyOrder
  params:
    order:
    - min_counts
    - min_cells
    - max_counts
    - max_cells
    min_counts: 0.01
    max_counts: 0.99
    min_cells: 0.01
    max_cells: 0.99
- type: normalize
  target: NormalizeTotal
  params: {}
- type: filter.gene
  target: FilterGenesNumberPlaceHolder
  params: {}
- type: feature.cell
  target: SCNFeature
- type: misc
  target: SetConfig
  params:
    config_dict:
      feature_channel: SCNFeature
      label_channel: cell_type
",0.446086956521739,human,Blood,5749,train,train_human_Blood471647b3-04fe-4c76-8372-3264feb950e8_data.h5ad,https://www.dropbox.com/scl/fi/sjcrmdpjrfhcd7642igc0/human_Blood471647b3-04fe-4c76-8372-3264feb950e8_data.h5ad?rlkey=8gn9esy6osdikumzbq0tk3stv&st=656m2nhu&dl=1,471647b3-04fe-4c76-8372-3264feb950e8
84230ea4-998d-4aa8-8456-81dd54ce23af_Blood,19.0,5608.0,9406.0,7.0,9591020.0,5608.0,"['B cell', 'dendritic cell', 'mature NK T cell', 'myeloid cell', 'plasma cell', 'platelet', 'unknown']",['COVID-19'],Blood,,,,"[""10x 3' v3""]",,84230ea4-998d-4aa8-8456-81dd54ce23af,0.0,"step2:https://wandb.ai/xzy11632/dance-dev/sweeps/7nx7pdvc|step3:https://wandb.ai/xzy11632/dance-dev/sweeps/j58csaux,https://wandb.ai/xzy11632/dance-dev/sweeps/yhcwt42g,https://wandb.ai/xzy11632/dance-dev/sweeps/x3qw1i6z","- type: filter.gene
  target: FilterGenesScanpyOrder
  params:
    order:
    - min_counts
    - min_cells
    - max_counts
    - max_cells
    min_counts: 0.01
    max_counts: 0.99
    min_cells: 0.01
    max_cells: 0.99
- type: normalize
  target: NormalizeTotal
  params: {}
- type: filter.gene
  target: HighlyVariableGenesRawCount
  params:
    n_top_genes: 3000
- type: feature.cell
  params:
    out: feature.cell
    log_level: INFO
    split_name: train
  target: WeightedFeatureSVD
- type: misc
  target: SetConfig
  params:
    config_dict:
      feature_channel: feature.cell
      label_channel: cell_type
",0.758467018604279,all_total_runs:154|all_finished_runs:142|step2_total_runs:108|step2_finished_runs:102|step3_0_total_runs:20|step3_0_finished_runs:20|step3_1_total_runs:20|step3_1_finished_runs:20|step3_2_total_runs:6|step3_2_finished_runs:0|finished_rate:92.21%,False,"- type: filter.gene
  target: FilterGenesScanpyOrder
  params:
    order:
    - min_counts
    - min_cells
    - max_counts
    - max_cells
    min_counts: 0.01
    max_counts: 0.99
    min_cells: 0.01
    max_cells: 0.99
- type: normalize
  target: NormalizeTotal
  params: {}
- type: filter.gene
  target: HighlyVariableGenesRawCount
  params:
    n_top_genes: 3000
- type: feature.cell
  params:
    out: feature.cell
    log_level: INFO
    split_name: train
  target: WeightedFeatureSVD
- type: misc
  target: SetConfig
  params:
    config_dict:
      feature_channel: feature.cell
      label_channel: cell_type
",0.758467018604279,"step2:https://wandb.ai/xzy11632/dance-dev/sweeps/vw78p0gh|step3:https://wandb.ai/xzy11632/dance-dev/sweeps/mwlswrx4,https://wandb.ai/xzy11632/dance-dev/sweeps/b9r8cyi3,https://wandb.ai/xzy11632/dance-dev/sweeps/q3bs1d76","- type: filter.gene
  target: FilterGenesScanpyOrder
  params:
    order:
    - min_counts
    - min_cells
    - max_counts
    - max_cells
    min_counts: 0.01
    max_counts: 0.99
    min_cells: 0.01
    max_cells: 0.99
- type: normalize
  target: ScTransform
  params:
    processes_num: 8
- type: filter.gene
  target: HighlyVariableGenesLogarithmizedByTopGenes
  params:
    n_top_genes: 3000
- type: feature.cell
  params:
    out: feature.cell
    log_level: INFO
    split_name: train
  target: WeightedFeaturePCA
- type: misc
  target: SetConfig
  params:
    config_dict:
      feature_channel: feature.cell
      label_channel: cell_type
",0.767379701137543,all_total_runs:99|all_finished_runs:82|step2_total_runs:90|step2_finished_runs:82|step3_0_total_runs:3|step3_0_finished_runs:0|step3_1_total_runs:3|step3_1_finished_runs:0|step3_2_total_runs:3|step3_2_finished_runs:0|finished_rate:82.83%,0.0,"- type: filter.gene
  target: FilterGenesScanpyOrder
  params:
    order:
    - min_counts
    - min_cells
    - max_counts
    - max_cells
    min_counts: 0.01
    max_counts: 0.99
    min_cells: 0.01
    max_cells: 0.99
- type: normalize
  target: ScTransform
  params:
    processes_num: 8
- type: filter.gene
  target: HighlyVariableGenesLogarithmizedByTopGenes
  params:
    n_top_genes: 3000
- type: feature.cell
  params:
    out: feature.cell
    log_level: INFO
    split_name: train
  target: WeightedFeaturePCA
- type: misc
  target: SetConfig
  params:
    config_dict:
      feature_channel: feature.cell
      label_channel: cell_type
",0.767379701137543,"step2:https://wandb.ai/xzy11632/dance-dev/sweeps/mb0de72s|step3:https://wandb.ai/xzy11632/dance-dev/sweeps/fb11o6is,https://wandb.ai/xzy11632/dance-dev/sweeps/iur93q0q,https://wandb.ai/xzy11632/dance-dev/sweeps/zzes5cjt","- type: filter.gene
  target: FilterGenesPercentile
  params: {}
- type: normalize
  target: NormalizeTotal
  params: {}
- type: filter.gene
  target: FilterGenesTopK
  params:
    num_genes: 3000
- type: feature.cell
  params:
    out: feature.cell
    log_level: INFO
    split_name: train
  target: WeightedFeatureSVD
- type: graph.cell
  target: CellFeatureGraph
  params:
    cell_feature_channel: feature.cell
- type: misc
  target: SetConfig
  params:
    config_dict:
      label_channel: cell_type
",0.786096274852753,all_total_runs:90|all_finished_runs:89|step2_total_runs:30|step2_finished_runs:30|step3_0_total_runs:20|step3_0_finished_runs:20|step3_1_total_runs:19|step3_1_finished_runs:19|step3_2_total_runs:21|step3_2_finished_runs:20|finished_rate:98.89%,False,"- type: filter.gene
  target: FilterGenesPercentile
  params: {}
- type: normalize
  target: NormalizeTotal
  params: {}
- type: filter.gene
  target: FilterGenesTopK
  params:
    num_genes: 3000
- type: feature.cell
  params:
    out: feature.cell
    log_level: INFO
    split_name: train
  target: WeightedFeatureSVD
- type: graph.cell
  target: CellFeatureGraph
  params:
    cell_feature_channel: feature.cell
- type: misc
  target: SetConfig
  params:
    config_dict:
      label_channel: cell_type
",0.786096274852753,"step2:https://wandb.ai/xzy11632/dance-dev/sweeps/8vsayaln|step3:https://wandb.ai/xzy11632/dance-dev/sweeps/d3lmjuv3,https://wandb.ai/xzy11632/dance-dev/sweeps/exfa50wr,https://wandb.ai/xzy11632/dance-dev/sweeps/0k2fle3v","- type: filter.gene
  target: FilterGenesScanpyOrder
  params:
    order:
    - min_counts
    - min_cells
    - max_counts
    - max_cells
    min_counts: 0.01
    max_counts: 0.99
    min_cells: 0.01
    max_cells: 0.99
- type: normalize
  target: ScTransform
  params:
    processes_num: 8
- type: filter.gene
  target: HighlyVariableGenesLogarithmizedByTopGenes
  params:
    n_top_genes: 3000
- type: feature.cell
  target: SCNFeature
- type: misc
  target: SetConfig
  params:
    config_dict:
      feature_channel: SCNFeature
      label_channel: cell_type
",0.770053475935829,all_total_runs:133|all_finished_runs:73|step2_total_runs:90|step2_finished_runs:73|step3_0_total_runs:20|step3_0_finished_runs:0|step3_1_total_runs:3|step3_1_finished_runs:0|step3_2_total_runs:20|step3_2_finished_runs:0|finished_rate:54.89%,True,"- type: filter.gene
  target: FilterGenesScanpyOrder
  params:
    order:
    - min_counts
    - min_cells
    - max_counts
    - max_cells
    min_counts: 0.01
    max_counts: 0.99
    min_cells: 0.01
    max_cells: 0.99
- type: normalize
  target: ScTransform
  params:
    processes_num: 8
- type: filter.gene
  target: HighlyVariableGenesLogarithmizedByTopGenes
  params:
    n_top_genes: 3000
- type: feature.cell
  target: SCNFeature
- type: misc
  target: SetConfig
  params:
    config_dict:
      feature_channel: SCNFeature
      label_channel: cell_type
",0.770053475935829,human,Blood,5608,train,train_human_Blood84230ea4-998d-4aa8-8456-81dd54ce23af_data.h5ad,https://www.dropbox.com/scl/fi/h58s7qzb897p7iytkfkaa/human_Blood84230ea4-998d-4aa8-8456-81dd54ce23af_data.h5ad?rlkey=cfgq0o9vyjrez24162u3z0yjb&st=6h4dcda2&dl=1,84230ea4-998d-4aa8-8456-81dd54ce23af
eeacb0c1-2217-4cf6-b8ce-1f0fedf1b569_Blood,20.0,9337.0,13135.0,8.0,24907463.0,9337.0,"['B cell', 'dendritic cell', 'mature NK T cell', 'myeloid cell', 'neutrophil', 'plasma cell', 'platelet', 'unknown']",['COVID-19'],Blood,,,,"[""10x 3' v3""]",,eeacb0c1-2217-4cf6-b8ce-1f0fedf1b569,0.0,step2:https://wandb.ai/xzy11632/dance-dev/sweeps/nxw96jf9|step3:,"- type: filter.gene
  target: FilterGenesScanpyOrder
  params:
    order:
    - min_counts
    - min_cells
    - max_counts
    - max_cells
    min_counts: 0.01
    max_counts: 0.99
    min_cells: 0.01
    max_cells: 0.99
- type: normalize
  target: Log1P
  params: {}
- type: filter.gene
  target: HighlyVariableGenesLogarithmizedByTopGenes
  params:
    n_top_genes: 3000
- type: feature.cell
  params:
    out: feature.cell
    log_level: INFO
    split_name: train
  target: WeightedFeatureSVD
- type: misc
  target: SetConfig
  params:
    config_dict:
      feature_channel: feature.cell
      label_channel: cell_type
",0.525160610675812,all_total_runs:108|all_finished_runs:104|step2_total_runs:108|step2_finished_runs:104|finished_rate:96.30%,False,"- type: filter.gene
  target: FilterGenesScanpyOrder
  params:
    order:
    - min_counts
    - min_cells
    - max_counts
    - max_cells
    min_counts: 0.01
    max_counts: 0.99
    min_cells: 0.01
    max_cells: 0.99
- type: normalize
  target: Log1P
  params: {}
- type: filter.gene
  target: HighlyVariableGenesLogarithmizedByTopGenes
  params:
    n_top_genes: 3000
- type: feature.cell
  params:
    out: feature.cell
    log_level: INFO
    split_name: train
  target: WeightedFeatureSVD
- type: misc
  target: SetConfig
  params:
    config_dict:
      feature_channel: feature.cell
      label_channel: cell_type
",0.525160610675812,"step2:https://wandb.ai/xzy11632/dance-dev/sweeps/ayi1jozy|step3:https://wandb.ai/xzy11632/dance-dev/sweeps/1b33pe56,https://wandb.ai/xzy11632/dance-dev/sweeps/f4gh17jv,https://wandb.ai/xzy11632/dance-dev/sweeps/ni67cp96","- type: filter.gene
  target: FilterGenesScanpyOrder
  params:
    order:
    - min_counts
    - min_cells
    - max_counts
    - max_cells
    min_counts: 0.01
    max_counts: 0.99
    min_cells: 0.01
    max_cells: 0.99
- type: normalize
  target: ScTransform
  params:
    processes_num: 8
- type: filter.gene
  target: FilterGenesTopK
  params:
    num_genes: 3000
- type: feature.cell
  params:
    out: feature.cell
    log_level: INFO
    split_name: train
  target: WeightedFeatureSVD
- type: misc
  target: SetConfig
  params:
    config_dict:
      feature_channel: feature.cell
      label_channel: cell_type
",0.464132755994797,all_total_runs:116|all_finished_runs:90|step2_total_runs:90|step2_finished_runs:90|step3_0_total_runs:3|step3_0_finished_runs:0|step3_1_total_runs:3|step3_1_finished_runs:0|step3_2_total_runs:20|step3_2_finished_runs:0|finished_rate:77.59%,0.0,"- type: filter.gene
  target: FilterGenesScanpyOrder
  params:
    order:
    - min_counts
    - min_cells
    - max_counts
    - max_cells
    min_counts: 0.01
    max_counts: 0.99
    min_cells: 0.01
    max_cells: 0.99
- type: normalize
  target: ScTransform
  params:
    processes_num: 8
- type: filter.gene
  target: FilterGenesTopK
  params:
    num_genes: 3000
- type: feature.cell
  params:
    out: feature.cell
    log_level: INFO
    split_name: train
  target: WeightedFeatureSVD
- type: misc
  target: SetConfig
  params:
    config_dict:
      feature_channel: feature.cell
      label_channel: cell_type
",0.464132755994797,step2:https://wandb.ai/xzy11632/dance-dev/sweeps/8fvs9kec|step3:,"- type: filter.gene
  target: FilterGenesPlaceHolder
  params: {}
- type: normalize
  target: NormalizeTotalLog1P
  params: {}
- type: filter.gene
  target: FilterGenesRegression
  params:
    num_genes: 3000
- type: feature.cell
  params:
    out: feature.cell
    log_level: INFO
    split_name: train
  target: WeightedFeaturePCA
- type: graph.cell
  target: CellFeatureGraph
  params:
    cell_feature_channel: feature.cell
- type: misc
  target: SetConfig
  params:
    config_dict:
      label_channel: cell_type
",0.534796595573425,all_total_runs:30|all_finished_runs:30|step2_total_runs:30|step2_finished_runs:30|finished_rate:100.00%,False,"- type: filter.gene
  target: FilterGenesPlaceHolder
  params: {}
- type: normalize
  target: NormalizeTotalLog1P
  params: {}
- type: filter.gene
  target: FilterGenesRegression
  params:
    num_genes: 3000
- type: feature.cell
  params:
    out: feature.cell
    log_level: INFO
    split_name: train
  target: WeightedFeaturePCA
- type: graph.cell
  target: CellFeatureGraph
  params:
    cell_feature_channel: feature.cell
- type: misc
  target: SetConfig
  params:
    config_dict:
      label_channel: cell_type
",0.534796595573425,"step2:https://wandb.ai/xzy11632/dance-dev/sweeps/0is4k5yl|step3:https://wandb.ai/xzy11632/dance-dev/sweeps/kldifyl4,https://wandb.ai/xzy11632/dance-dev/sweeps/35rblkeu,https://wandb.ai/xzy11632/dance-dev/sweeps/f0gvgthq","- type: filter.gene
  target: FilterGenesPlaceHolder
- type: normalize
  target: ScTransform
  params:
    processes_num: 8
    min_cells: 4
    gmean_eps: 1
    n_genes: 2632
    n_cells: null
    bin_size: 538
    bw_adjust: 2.585099758321662
- type: filter.gene
  target: HighlyVariableGenesLogarithmizedByMeanAndDisp
  params:
    min_disp: 0.31279737716874806
    max_disp: 47.460157069017846
    min_mean: 0.007738286868081357
    max_mean: 13.760399284175724
    n_bins: 25
    flavor: seurat
- type: feature.cell
  target: SCNFeature
- type: misc
  target: SetConfig
  params:
    config_dict:
      feature_channel: SCNFeature
      label_channel: cell_type
",0.519807280513919,all_total_runs:78|all_finished_runs:41|step2_total_runs:18|step2_finished_runs:17|step3_0_total_runs:20|step3_0_finished_runs:0|step3_1_total_runs:20|step3_1_finished_runs:20|step3_2_total_runs:20|step3_2_finished_runs:4|finished_rate:52.56%,True,"- type: filter.gene
  target: FilterGenesPlaceHolder
  params: {}
- type: normalize
  target: ScTransform
  params:
    processes_num: 8
- type: filter.gene
  target: HighlyVariableGenesLogarithmizedByTopGenes
  params:
    n_top_genes: 3000
- type: feature.cell
  target: SCNFeature
- type: misc
  target: SetConfig
  params:
    config_dict:
      feature_channel: SCNFeature
      label_channel: cell_type
",0.518736616702355,human,Blood,9337,train,train_human_Bloodeeacb0c1-2217-4cf6-b8ce-1f0fedf1b569_data.h5ad,https://www.dropbox.com/scl/fi/s9scv6cscspqifttksy6i/human_Bloodeeacb0c1-2217-4cf6-b8ce-1f0fedf1b569_data.h5ad?rlkey=yuyu1u2qhm21y9on5i4b8o9rq&st=g19couz6&dl=1,eeacb0c1-2217-4cf6-b8ce-1f0fedf1b569
421e5f54-5de7-425f-b399-34ead0651ce1_Brain,0.0,10000.0,24275.0,10.0,64540236.0,34949.0,"['astrocyte', 'central nervous system macrophage', 'endothelial cell', 'fibroblast', 'leukocyte', 'neuron', 'oligodendrocyte', 'oligodendrocyte precursor cell', 'pericyte', 'vascular associated smooth muscle cell']",['normal'],Brain,10000.0,"['astrocyte', 'central nervous system macrophage', 'endothelial cell', 'fibroblast', 'leukocyte', 'neuron', 'oligodendrocyte', 'oligodendrocyte precursor cell', 'pericyte', 'vascular associated smooth muscle cell']",['normal'],"[""10x 3' v3""]","[""10x 3' v3""]",421e5f54-5de7-425f-b399-34ead0651ce1,0.0,step2:https://wandb.ai/xzy11632/dance-dev/sweeps/rx5nefnc|step3:,"- type: filter.gene
  target: FilterGenesPercentile
  params: {}
- type: normalize
  target: Log1P
  params: {}
- type: filter.gene
  target: HighlyVariableGenesRawCount
  params:
    n_top_genes: 3000
- type: feature.cell
  params:
    out: feature.cell
    log_level: INFO
  target: CellPCA
- type: misc
  target: SetConfig
  params:
    config_dict:
      feature_channel: feature.cell
      label_channel: cell_type
",0.941999971866608,all_total_runs:108|all_finished_runs:100|step2_total_runs:108|step2_finished_runs:100|finished_rate:92.59%,False,"- type: filter.gene
  target: FilterGenesPercentile
  params: {}
- type: normalize
  target: Log1P
  params: {}
- type: filter.gene
  target: HighlyVariableGenesRawCount
  params:
    n_top_genes: 3000
- type: feature.cell
  params:
    out: feature.cell
    log_level: INFO
  target: CellPCA
- type: misc
  target: SetConfig
  params:
    config_dict:
      feature_channel: feature.cell
      label_channel: cell_type
",0.941999971866608,"step2:https://wandb.ai/xzy11632/dance-dev/sweeps/ot4pm84d|step3:https://wandb.ai/xzy11632/dance-dev/sweeps/b27mqxk3,https://wandb.ai/xzy11632/dance-dev/sweeps/ziki8wi5,https://wandb.ai/xzy11632/dance-dev/sweeps/h0byswvn","- type: filter.gene
  target: FilterGenesScanpyOrder
  params:
    order:
    - min_counts
    - min_cells
    - max_counts
    - max_cells
    min_counts: 0.01
    max_counts: 0.99
    min_cells: 0.01
    max_cells: 0.99
- type: normalize
  target: ScaleFeature
  params: {}
- type: filter.gene
  target: HighlyVariableGenesLogarithmizedByTopGenes
  params:
    n_top_genes: 3000
- type: feature.cell
  params:
    out: feature.cell
    log_level: INFO
  target: FeatureCellPlaceHolder
- type: misc
  target: SetConfig
  params:
    config_dict:
      feature_channel: feature.cell
      label_channel: cell_type
",0.92849999666214,all_total_runs:150|all_finished_runs:143|step2_total_runs:90|step2_finished_runs:86|step3_0_total_runs:20|step3_0_finished_runs:19|step3_1_total_runs:20|step3_1_finished_runs:18|step3_2_total_runs:20|step3_2_finished_runs:20|finished_rate:95.33%,0.0,"- type: filter.gene
  target: FilterGenesScanpyOrder
  params:
    order:
    - min_counts
    - min_cells
    - max_counts
    - max_cells
    min_counts: 0.01
    max_counts: 0.99
    min_cells: 0.01
    max_cells: 0.99
- type: normalize
  target: ScaleFeature
  params: {}
- type: filter.gene
  target: HighlyVariableGenesLogarithmizedByTopGenes
  params:
    n_top_genes: 3000
- type: feature.cell
  params:
    out: feature.cell
    log_level: INFO
  target: FeatureCellPlaceHolder
- type: misc
  target: SetConfig
  params:
    config_dict:
      feature_channel: feature.cell
      label_channel: cell_type
",0.92849999666214,"step2:https://wandb.ai/xzy11632/dance-dev/sweeps/k04ic7rd|step3:https://wandb.ai/xzy11632/dance-dev/sweeps/ei0kpx23,https://wandb.ai/xzy11632/dance-dev/sweeps/mu8wgi2k,https://wandb.ai/xzy11632/dance-dev/sweeps/zzbo0sap","- type: filter.gene
  target: FilterGenesScanpyOrder
  params:
    order:
    - min_counts
    - min_cells
    - max_counts
    - max_cells
    min_counts: 0.01
    max_counts: 0.99
    min_cells: 0.01
    max_cells: 0.99
- type: normalize
  target: ScaleFeature
  params: {}
- type: filter.gene
  target: FilterGenesTopK
  params:
    num_genes: 3000
- type: feature.cell
  params:
    out: feature.cell
    log_level: INFO
    split_name: train
  target: WeightedFeatureSVD
- type: graph.cell
  target: CellFeatureGraph
  params:
    cell_feature_channel: feature.cell
- type: misc
  target: SetConfig
  params:
    config_dict:
      label_channel: cell_type
",0.92849999666214,all_total_runs:90|all_finished_runs:26|step2_total_runs:30|step2_finished_runs:26|step3_0_total_runs:20|step3_0_finished_runs:0|step3_1_total_runs:20|step3_1_finished_runs:0|step3_2_total_runs:20|step3_2_finished_runs:0|finished_rate:28.89%,True,"- type: filter.gene
  target: FilterGenesScanpyOrder
  params:
    order:
    - min_counts
    - min_cells
    - max_counts
    - max_cells
    min_counts: 0.01
    max_counts: 0.99
    min_cells: 0.01
    max_cells: 0.99
- type: normalize
  target: ScaleFeature
  params: {}
- type: filter.gene
  target: FilterGenesTopK
  params:
    num_genes: 3000
- type: feature.cell
  params:
    out: feature.cell
    log_level: INFO
    split_name: train
  target: WeightedFeatureSVD
- type: graph.cell
  target: CellFeatureGraph
  params:
    cell_feature_channel: feature.cell
- type: misc
  target: SetConfig
  params:
    config_dict:
      label_channel: cell_type
",0.92849999666214,"step2:https://wandb.ai/xzy11632/dance-dev/sweeps/4sjhq9qz|step3:https://wandb.ai/xzy11632/dance-dev/sweeps/6achivjf,https://wandb.ai/xzy11632/dance-dev/sweeps/gquruddq,https://wandb.ai/xzy11632/dance-dev/sweeps/eu8myyec","- type: filter.gene
  target: FilterGenesScanpyOrder
  params:
    order:
    - min_counts
    - min_cells
    - max_counts
    - max_cells
    min_counts: 0.01
    max_counts: 0.99
    min_cells: 0.01
    max_cells: 0.99
- type: normalize
  target: ScaleFeature
  params: {}
- type: filter.gene
  target: FilterGenesRegression
  params:
    num_genes: 3000
- type: feature.cell
  target: SCNFeature
- type: misc
  target: SetConfig
  params:
    config_dict:
      feature_channel: SCNFeature
      label_channel: cell_type
",0.9265,all_total_runs:78|all_finished_runs:15|step2_total_runs:18|step2_finished_runs:3|step3_0_total_runs:20|step3_0_finished_runs:12|step3_1_total_runs:20|step3_1_finished_runs:0|step3_2_total_runs:20|step3_2_finished_runs:0|finished_rate:19.23%,True,"- type: filter.gene
  target: FilterGenesScanpyOrder
  params:
    order:
    - min_counts
    - min_cells
    - max_counts
    - max_cells
    min_counts: 0.01
    max_counts: 0.99
    min_cells: 0.01
    max_cells: 0.99
- type: normalize
  target: ScaleFeature
  params: {}
- type: filter.gene
  target: FilterGenesRegression
  params:
    num_genes: 3000
- type: feature.cell
  target: SCNFeature
- type: misc
  target: SetConfig
  params:
    config_dict:
      feature_channel: SCNFeature
      label_channel: cell_type
",0.9265,human,Brain,10000,train,train_human_Brain421e5f54-5de7-425f-b399-34ead0651ce1_data.h5ad,https://www.dropbox.com/scl/fi/wmysnkpfbdjteospe0jjx/human_Brain421e5f54-5de7-425f-b399-34ead0651ce1_data.h5ad?rlkey=xdx6g6cisyi2gfohckjhud46g&st=zxu0jhp7&dl=1,421e5f54-5de7-425f-b399-34ead0651ce1
2adb1f8a-a6b1-4909-8ee8-484814e2d4bf_Brain,1.0,10000.0,9904.0,24.0,4682940.0,30493.0,"['B cell', 'T cell', 'astrocyte', 'cord blood hematopoietic stem cell', 'dendritic cell', 'embryonic stem cell', 'endocrine cell', 'endothelial cell', 'enterocyte', 'epithelial cell', 'erythroid lineage cell', 'erythroid progenitor cell', 'fibroblast', 'goblet cell', 'macrophage', 'mesenchymal stem cell', 'monocyte', 'neuron', 'neutrophil', 'oligodendrocyte', 'plasma cell', 'primordial germ cell', 'professional antigen presenting cell', 'smooth muscle cell', 'stromal cell']",['normal'],Brain,10000.0,"['B cell', 'T cell', 'astrocyte', 'cord blood hematopoietic stem cell', 'dendritic cell', 'embryonic stem cell', 'endocrine cell', 'endothelial cell', 'enterocyte', 'epithelial cell', 'erythroid lineage cell', 'erythroid progenitor cell', 'goblet cell', 'macrophage', 'mesenchymal stem cell', 'monocyte', 'neuron', 'neutrophil', 'oligodendrocyte', 'plasma cell', 'primordial germ cell', 'professional antigen presenting cell', 'smooth muscle cell', 'stromal cell']",['normal'],['microwell-seq'],['microwell-seq'],2adb1f8a-a6b1-4909-8ee8-484814e2d4bf,0.0,step2:https://wandb.ai/xzy11632/dance-dev/sweeps/ux2wmi9n|step3:,"- type: filter.gene
  target: FilterGenesPlaceHolder
  params: {}
- type: normalize
  target: NormalizeTotalLog1P
  params: {}
- type: filter.gene
  target: HighlyVariableGenesLogarithmizedByTopGenes
  params:
    n_top_genes: 3000
- type: feature.cell
  params:
    out: feature.cell
    log_level: INFO
    split_name: train
  target: WeightedFeaturePCA
- type: misc
  target: SetConfig
  params:
    config_dict:
      feature_channel: feature.cell
      label_channel: cell_type
",0.383500009775162,all_total_runs:108|all_finished_runs:98|step2_total_runs:108|step2_finished_runs:98|finished_rate:90.74%,False,"- type: filter.gene
  target: FilterGenesPlaceHolder
  params: {}
- type: normalize
  target: NormalizeTotalLog1P
  params: {}
- type: filter.gene
  target: HighlyVariableGenesLogarithmizedByTopGenes
  params:
    n_top_genes: 3000
- type: feature.cell
  params:
    out: feature.cell
    log_level: INFO
    split_name: train
  target: WeightedFeaturePCA
- type: misc
  target: SetConfig
  params:
    config_dict:
      feature_channel: feature.cell
      label_channel: cell_type
",0.383500009775162,"step2:https://wandb.ai/xzy11632/dance-dev/sweeps/h9t56ky6|step3:https://wandb.ai/xzy11632/dance-dev/sweeps/t11h3lx2,https://wandb.ai/xzy11632/dance-dev/sweeps/jq1ouytc,https://wandb.ai/xzy11632/dance-dev/sweeps/389kr8f7","- type: filter.gene
  target: FilterGenesScanpyOrder
  params:
    order:
    - max_cells
    - min_cells
    - min_counts
    - max_counts
    min_counts: 139
    min_cells: 0.0888005271147449
    max_counts: 0.9724043910074568
    max_cells: 0.980110827649758
- type: normalize
  target: NormalizeTotal
  params:
    target_sum: 100000
    max_fraction: 0.01
- type: filter.gene
  target: FilterGenesTopK
  params:
    num_genes: 1340
    top: false
    mode: cv
- type: feature.cell
  target: GaussRandProjFeature
  params:
    out: feature.cell
    log_level: INFO
    n_components: 302
- type: misc
  target: SetConfig
  params:
    config_dict:
      feature_channel: feature.cell
      label_channel: cell_type
",0.358000010251999,all_total_runs:150|all_finished_runs:121|step2_total_runs:90|step2_finished_runs:80|step3_0_total_runs:20|step3_0_finished_runs:19|step3_1_total_runs:20|step3_1_finished_runs:19|step3_2_total_runs:20|step3_2_finished_runs:3|finished_rate:80.67%,0.0,"- type: filter.gene
  target: FilterGenesPercentile
  params: {}
- type: normalize
  target: ScaleFeature
  params: {}
- type: filter.gene
  target: FilterGenesTopK
  params:
    num_genes: 3000
- type: feature.cell
  params:
    out: feature.cell
    log_level: INFO
    split_name: train
  target: WeightedFeatureSVD
- type: misc
  target: SetConfig
  params:
    config_dict:
      feature_channel: feature.cell
      label_channel: cell_type
",0.323500007390976,"step2:https://wandb.ai/xzy11632/dance-dev/sweeps/v59fma6t|step3:https://wandb.ai/xzy11632/dance-dev/sweeps/66515gbr,https://wandb.ai/xzy11632/dance-dev/sweeps/3utybdvc","- type: filter.gene
  target: FilterGenesPercentile
  params:
    min_val: 5
    max_val: 99
    mode: rv
- type: normalize
  target: Log1P
  params:
    base: 5.681697132138714
- type: filter.gene
  target: FilterGenesTopK
  params:
    num_genes: 1609
    top: true
    mode: cv
- type: feature.cell
  target: WeightedFeatureSVD
  params:
    out: feature.cell
    log_level: INFO
    n_components: 216
    feat_norm_mode: l2
- type: graph.cell
  target: CellFeatureGraph
  params:
    cell_feature_channel: feature.cell
- type: misc
  target: SetConfig
  params:
    config_dict:
      label_channel: cell_type
",0.368499994277954,all_total_runs:70|all_finished_runs:70|step2_total_runs:30|step2_finished_runs:30|step3_0_total_runs:20|step3_0_finished_runs:20|step3_1_total_runs:20|step3_1_finished_runs:20|finished_rate:100.00%,False,"- type: filter.gene
  target: FilterGenesScanpyOrder
  params:
    order:
    - min_counts
    - min_cells
    - max_counts
    - max_cells
    min_counts: 0.01
    max_counts: 0.99
    min_cells: 0.01
    max_cells: 0.99
- type: normalize
  target: ScaleFeature
  params: {}
- type: filter.gene
  target: HighlyVariableGenesRawCount
  params:
    n_top_genes: 3000
- type: feature.cell
  params:
    out: feature.cell
    log_level: INFO
    split_name: train
  target: WeightedFeatureSVD
- type: graph.cell
  target: CellFeatureGraph
  params:
    cell_feature_channel: feature.cell
- type: misc
  target: SetConfig
  params:
    config_dict:
      label_channel: cell_type
",0.367500007152557,"step2:https://wandb.ai/xzy11632/dance-dev/sweeps/ie906yp1|step3:https://wandb.ai/xzy11632/dance-dev/sweeps/50d848qy,https://wandb.ai/xzy11632/dance-dev/sweeps/9unm97im,https://wandb.ai/xzy11632/dance-dev/sweeps/mn0f44qz","- type: filter.gene
  target: FilterGenesPercentile
  params: {}
- type: normalize
  target: ScTransform
  params:
    processes_num: 8
- type: filter.gene
  target: FilterGenesRegression
  params:
    num_genes: 3000
- type: feature.cell
  target: SCNFeature
- type: misc
  target: SetConfig
  params:
    config_dict:
      feature_channel: SCNFeature
      label_channel: cell_type
",0.3795,all_total_runs:78|all_finished_runs:14|step2_total_runs:18|step2_finished_runs:14|step3_0_total_runs:20|step3_0_finished_runs:0|step3_1_total_runs:20|step3_1_finished_runs:0|step3_2_total_runs:20|step3_2_finished_runs:0|finished_rate:17.95%,True,"- type: filter.gene
  target: FilterGenesPercentile
  params: {}
- type: normalize
  target: ScTransform
  params:
    processes_num: 8
- type: filter.gene
  target: FilterGenesRegression
  params:
    num_genes: 3000
- type: feature.cell
  target: SCNFeature
- type: misc
  target: SetConfig
  params:
    config_dict:
      feature_channel: SCNFeature
      label_channel: cell_type
",0.3795,human,Brain,10000,train,train_human_Brain2adb1f8a-a6b1-4909-8ee8-484814e2d4bf(Brain)_data.h5ad,https://www.dropbox.com/scl/fi/f3l26pxi1d6bmtzzvugxr/human_Brain2adb1f8a-a6b1-4909-8ee8-484814e2d4bf-Brain-_data.h5ad?rlkey=qn3hip8pk0be91uyrfvdf78uh&st=rsr9vb0j&dl=1,2adb1f8a-a6b1-4909-8ee8-484814e2d4bf
9372df2d-13d6-4fac-980b-919a5b7eb483_Brain,2.0,10000.0,21476.0,11.0,39694763.0,33794.0,"['astrocyte', 'central nervous system macrophage', 'endothelial cell', 'ependymal cell', 'fibroblast', 'leukocyte', 'neuron', 'oligodendrocyte', 'oligodendrocyte precursor cell', 'pericyte', 'vascular associated smooth muscle cell']",['normal'],Brain,10000.0,"['astrocyte', 'central nervous system macrophage', 'endothelial cell', 'ependymal cell', 'fibroblast', 'leukocyte', 'neuron', 'oligodendrocyte', 'oligodendrocyte precursor cell', 'pericyte', 'vascular associated smooth muscle cell']",['normal'],"[""10x 3' v3""]","[""10x 3' v3""]",9372df2d-13d6-4fac-980b-919a5b7eb483,0.0,step2:https://wandb.ai/xzy11632/dance-dev/sweeps/o9qms9l2|step3:,"- type: filter.gene
  target: FilterGenesScanpyOrder
  params:
    order:
    - min_counts
    - min_cells
    - max_counts
    - max_cells
    min_counts: 0.01
    max_counts: 0.99
    min_cells: 0.01
    max_cells: 0.99
- type: normalize
  target: ScaleFeature
  params: {}
- type: filter.gene
  target: HighlyVariableGenesRawCount
  params:
    n_top_genes: 3000
- type: feature.cell
  params:
    out: feature.cell
    log_level: INFO
    split_name: train
  target: WeightedFeatureSVD
- type: misc
  target: SetConfig
  params:
    config_dict:
      feature_channel: feature.cell
      label_channel: cell_type
",0.512000024318695,all_total_runs:108|all_finished_runs:106|step2_total_runs:108|step2_finished_runs:106|finished_rate:98.15%,False,"- type: filter.gene
  target: FilterGenesScanpyOrder
  params:
    order:
    - min_counts
    - min_cells
    - max_counts
    - max_cells
    min_counts: 0.01
    max_counts: 0.99
    min_cells: 0.01
    max_cells: 0.99
- type: normalize
  target: ScaleFeature
  params: {}
- type: filter.gene
  target: HighlyVariableGenesRawCount
  params:
    n_top_genes: 3000
- type: feature.cell
  params:
    out: feature.cell
    log_level: INFO
    split_name: train
  target: WeightedFeatureSVD
- type: misc
  target: SetConfig
  params:
    config_dict:
      feature_channel: feature.cell
      label_channel: cell_type
",0.512000024318695,"step2:https://wandb.ai/xzy11632/dance-dev/sweeps/k4em0wtn|step3:https://wandb.ai/xzy11632/dance-dev/sweeps/unv2vtbx,https://wandb.ai/xzy11632/dance-dev/sweeps/jjjr44q8,https://wandb.ai/xzy11632/dance-dev/sweeps/pjz20rff","- type: filter.gene
  target: FilterGenesScanpyOrder
  params:
    order:
    - min_counts
    - max_cells
    - min_cells
    - max_counts
    min_counts: 388
    min_cells: 0.024605910011504684
    max_counts: 0.96538130301714
    max_cells: 0.9533019911668672
- type: normalize
  target: ScaleFeature
  params:
    mode: standardize
    eps: 0.7
- type: filter.gene
  target: HighlyVariableGenesLogarithmizedByTopGenes
  params:
    n_top_genes: 2274
    n_bins: 29
    flavor: seurat
- type: feature.cell
  target: WeightedFeaturePCA
  params:
    out: feature.cell
    log_level: INFO
    n_components: 727
    feat_norm_mode: l2
- type: misc
  target: SetConfig
  params:
    config_dict:
      feature_channel: feature.cell
      label_channel: cell_type
",0.481000006198883,all_total_runs:150|all_finished_runs:129|step2_total_runs:90|step2_finished_runs:75|step3_0_total_runs:20|step3_0_finished_runs:19|step3_1_total_runs:20|step3_1_finished_runs:19|step3_2_total_runs:20|step3_2_finished_runs:16|finished_rate:86.00%,0.0,"- type: filter.gene
  target: FilterGenesScanpyOrder
  params:
    order:
    - min_counts
    - min_cells
    - max_counts
    - max_cells
    min_counts: 0.01
    max_counts: 0.99
    min_cells: 0.01
    max_cells: 0.99
- type: normalize
  target: ScTransform
  params:
    processes_num: 8
- type: filter.gene
  target: FilterGenesRegression
  params:
    num_genes: 3000
- type: feature.cell
  params:
    out: feature.cell
    log_level: INFO
    split_name: train
  target: WeightedFeatureSVD
- type: misc
  target: SetConfig
  params:
    config_dict:
      feature_channel: feature.cell
      label_channel: cell_type
",0.46399998664856,"step2:https://wandb.ai/xzy11632/dance-dev/sweeps/ky8h0r71|step3:https://wandb.ai/xzy11632/dance-dev/sweeps/q2gx86h5,https://wandb.ai/xzy11632/dance-dev/sweeps/ka8pedxb,https://wandb.ai/xzy11632/dance-dev/sweeps/018dogkj","- type: filter.gene
  target: FilterGenesPercentile
  params: {}
- type: normalize
  target: Log1P
  params: {}
- type: filter.gene
  target: HighlyVariableGenesLogarithmizedByTopGenes
  params:
    n_top_genes: 3000
- type: feature.cell
  params:
    out: feature.cell
    log_level: INFO
    split_name: train
  target: WeightedFeatureSVD
- type: graph.cell
  target: CellFeatureGraph
  params:
    cell_feature_channel: feature.cell
- type: misc
  target: SetConfig
  params:
    config_dict:
      label_channel: cell_type
",0.493499994277954,all_total_runs:90|all_finished_runs:63|step2_total_runs:30|step2_finished_runs:29|step3_0_total_runs:20|step3_0_finished_runs:0|step3_1_total_runs:20|step3_1_finished_runs:19|step3_2_total_runs:20|step3_2_finished_runs:15|finished_rate:70.00%,False,"- type: filter.gene
  target: FilterGenesPercentile
  params: {}
- type: normalize
  target: Log1P
  params: {}
- type: filter.gene
  target: HighlyVariableGenesLogarithmizedByTopGenes
  params:
    n_top_genes: 3000
- type: feature.cell
  params:
    out: feature.cell
    log_level: INFO
    split_name: train
  target: WeightedFeatureSVD
- type: graph.cell
  target: CellFeatureGraph
  params:
    cell_feature_channel: feature.cell
- type: misc
  target: SetConfig
  params:
    config_dict:
      label_channel: cell_type
",0.493499994277954,"step2:https://wandb.ai/xzy11632/dance-dev/sweeps/uz9dsrrs|step3:https://wandb.ai/xzy11632/dance-dev/sweeps/0doly1o4,https://wandb.ai/xzy11632/dance-dev/sweeps/5jrh5yg5,https://wandb.ai/xzy11632/dance-dev/sweeps/s2zfen38","- type: filter.gene
  target: FilterGenesPercentile
  params: {}
- type: normalize
  target: ScaleFeature
  params: {}
- type: filter.gene
  target: FilterGenesNumberPlaceHolder
  params: {}
- type: feature.cell
  target: SCNFeature
- type: misc
  target: SetConfig
  params:
    config_dict:
      feature_channel: SCNFeature
      label_channel: cell_type
",0.5,all_total_runs:78|all_finished_runs:49|step2_total_runs:18|step2_finished_runs:15|step3_0_total_runs:20|step3_0_finished_runs:0|step3_1_total_runs:20|step3_1_finished_runs:17|step3_2_total_runs:20|step3_2_finished_runs:17|finished_rate:62.82%,False,"- type: filter.gene
  target: FilterGenesPercentile
  params: {}
- type: normalize
  target: ScaleFeature
  params: {}
- type: filter.gene
  target: FilterGenesNumberPlaceHolder
  params: {}
- type: feature.cell
  target: SCNFeature
- type: misc
  target: SetConfig
  params:
    config_dict:
      feature_channel: SCNFeature
      label_channel: cell_type
",0.5,human,Brain,10000,train,train_human_Brain9372df2d-13d6-4fac-980b-919a5b7eb483_data.h5ad,https://www.dropbox.com/scl/fi/kkgq2ry1nyzqp3aq9mag6/human_Brain9372df2d-13d6-4fac-980b-919a5b7eb483_data.h5ad?rlkey=yek0em9f7cal5bhq4h4xtjnxc&st=x3isnepq&dl=1,9372df2d-13d6-4fac-980b-919a5b7eb483
43b7e156-65b3-4a7b-8c7a-08528e4b21d0_Brain,3.0,10000.0,23076.0,10.0,50579325.0,38205.0,"['astrocyte', 'central nervous system macrophage', 'endothelial cell', 'ependymal cell', 'fibroblast', 'leukocyte', 'neuron', 'oligodendrocyte', 'oligodendrocyte precursor cell', 'pericyte', 'vascular associated smooth muscle cell']",['normal'],Brain,10000.0,"['astrocyte', 'central nervous system macrophage', 'endothelial cell', 'fibroblast', 'leukocyte', 'neuron', 'oligodendrocyte', 'oligodendrocyte precursor cell', 'pericyte', 'vascular associated smooth muscle cell']",['normal'],"[""10x 3' v3""]","[""10x 3' v3""]",43b7e156-65b3-4a7b-8c7a-08528e4b21d0,0.0,step2:https://wandb.ai/xzy11632/dance-dev/sweeps/6ikn0c73|step3:,"- type: filter.gene
  target: FilterGenesPercentile
  params: {}
- type: normalize
  target: NormalizeTotal
  params: {}
- type: filter.gene
  target: FilterGenesTopK
  params:
    num_genes: 3000
- type: feature.cell
  params:
    out: feature.cell
    log_level: INFO
    split_name: train
  target: WeightedFeatureSVD
- type: misc
  target: SetConfig
  params:
    config_dict:
      feature_channel: feature.cell
      label_channel: cell_type
",0.861999988555908,all_total_runs:108|all_finished_runs:102|step2_total_runs:108|step2_finished_runs:102|finished_rate:94.44%,False,"- type: filter.gene
  target: FilterGenesPercentile
  params: {}
- type: normalize
  target: NormalizeTotal
  params: {}
- type: filter.gene
  target: FilterGenesTopK
  params:
    num_genes: 3000
- type: feature.cell
  params:
    out: feature.cell
    log_level: INFO
    split_name: train
  target: WeightedFeatureSVD
- type: misc
  target: SetConfig
  params:
    config_dict:
      feature_channel: feature.cell
      label_channel: cell_type
",0.861999988555908,"step2:https://wandb.ai/xzy11632/dance-dev/sweeps/e7dpvvy8|step3:https://wandb.ai/xzy11632/dance-dev/sweeps/dafni0u5,https://wandb.ai/xzy11632/dance-dev/sweeps/kia4f2br,https://wandb.ai/xzy11632/dance-dev/sweeps/dpcp9t5m","- type: filter.gene
  target: FilterGenesPercentile
  params: {}
- type: normalize
  target: ScTransform
  params:
    processes_num: 8
- type: filter.gene
  target: HighlyVariableGenesLogarithmizedByMeanAndDisp
  params: {}
- type: feature.cell
  params:
    out: feature.cell
    log_level: INFO
    split_name: train
  target: WeightedFeatureSVD
- type: misc
  target: SetConfig
  params:
    config_dict:
      feature_channel: feature.cell
      label_channel: cell_type
",0.865499973297119,all_total_runs:150|all_finished_runs:84|step2_total_runs:90|step2_finished_runs:84|step3_0_total_runs:20|step3_0_finished_runs:0|step3_1_total_runs:20|step3_1_finished_runs:0|step3_2_total_runs:20|step3_2_finished_runs:0|finished_rate:56.00%,1.0,"- type: filter.gene
  target: FilterGenesPercentile
  params: {}
- type: normalize
  target: ScTransform
  params:
    processes_num: 8
- type: filter.gene
  target: HighlyVariableGenesLogarithmizedByMeanAndDisp
  params: {}
- type: feature.cell
  params:
    out: feature.cell
    log_level: INFO
    split_name: train
  target: WeightedFeatureSVD
- type: misc
  target: SetConfig
  params:
    config_dict:
      feature_channel: feature.cell
      label_channel: cell_type
",0.865499973297119,"step2:https://wandb.ai/xzy11632/dance-dev/sweeps/acmzlnu3|step3:https://wandb.ai/xzy11632/dance-dev/sweeps/t41fep6w,https://wandb.ai/xzy11632/dance-dev/sweeps/0z16vgup,https://wandb.ai/xzy11632/dance-dev/sweeps/wv5ab5hi","- type: filter.gene
  target: FilterGenesScanpyOrder
  params:
    order:
    - min_counts
    - min_cells
    - max_counts
    - max_cells
    min_counts: 0.01
    max_counts: 0.99
    min_cells: 0.01
    max_cells: 0.99
- type: normalize
  target: ScaleFeature
  params: {}
- type: filter.gene
  target: HighlyVariableGenesRawCount
  params:
    n_top_genes: 3000
- type: feature.cell
  params:
    out: feature.cell
    log_level: INFO
    split_name: train
  target: WeightedFeatureSVD
- type: graph.cell
  target: CellFeatureGraph
  params:
    cell_feature_channel: feature.cell
- type: misc
  target: SetConfig
  params:
    config_dict:
      label_channel: cell_type
",0.874000012874603,all_total_runs:90|all_finished_runs:28|step2_total_runs:30|step2_finished_runs:28|step3_0_total_runs:20|step3_0_finished_runs:0|step3_1_total_runs:20|step3_1_finished_runs:0|step3_2_total_runs:20|step3_2_finished_runs:0|finished_rate:31.11%,True,"- type: filter.gene
  target: FilterGenesScanpyOrder
  params:
    order:
    - min_counts
    - min_cells
    - max_counts
    - max_cells
    min_counts: 0.01
    max_counts: 0.99
    min_cells: 0.01
    max_cells: 0.99
- type: normalize
  target: ScaleFeature
  params: {}
- type: filter.gene
  target: HighlyVariableGenesRawCount
  params:
    n_top_genes: 3000
- type: feature.cell
  params:
    out: feature.cell
    log_level: INFO
    split_name: train
  target: WeightedFeatureSVD
- type: graph.cell
  target: CellFeatureGraph
  params:
    cell_feature_channel: feature.cell
- type: misc
  target: SetConfig
  params:
    config_dict:
      label_channel: cell_type
",0.874000012874603,"step2:https://wandb.ai/xzy11632/dance-dev/sweeps/zmc3jf7p|step3:https://wandb.ai/xzy11632/dance-dev/sweeps/0c0hd9y2,https://wandb.ai/xzy11632/dance-dev/sweeps/dnef2jye,https://wandb.ai/xzy11632/dance-dev/sweeps/q5kw4b82","- type: filter.gene
  target: FilterGenesPlaceHolder
- type: normalize
  target: NormalizeTotalLog1P
  params:
    base: 3.6250575102353535
    target_sum: 1000000
    max_fraction: 1
- type: filter.gene
  target: HighlyVariableGenesLogarithmizedByTopGenes
  params:
    n_top_genes: 5194
    n_bins: 27
    flavor: cell_ranger
- type: feature.cell
  target: SCNFeature
- type: misc
  target: SetConfig
  params:
    config_dict:
      feature_channel: SCNFeature
      label_channel: cell_type
",0.8735,all_total_runs:78|all_finished_runs:47|step2_total_runs:18|step2_finished_runs:8|step3_0_total_runs:20|step3_0_finished_runs:18|step3_1_total_runs:20|step3_1_finished_runs:19|step3_2_total_runs:20|step3_2_finished_runs:2|finished_rate:60.26%,False,"- type: filter.gene
  target: FilterGenesPercentile
  params: {}
- type: normalize
  target: NormalizePlaceHolder
  params: {}
- type: filter.gene
  target: HighlyVariableGenesRawCount
  params:
    n_top_genes: 3000
- type: feature.cell
  target: SCNFeature
- type: misc
  target: SetConfig
  params:
    config_dict:
      feature_channel: SCNFeature
      label_channel: cell_type
",0.873,human,Brain,10000,train,train_human_Brain43b7e156-65b3-4a7b-8c7a-08528e4b21d0_data.h5ad,https://www.dropbox.com/scl/fi/b9uqvab7lderxnrd8c0e9/human_Brain43b7e156-65b3-4a7b-8c7a-08528e4b21d0_data.h5ad?rlkey=heobzdft1rcl1ttn0wvi9ra5y&st=q0xewgnf&dl=1,43b7e156-65b3-4a7b-8c7a-08528e4b21d0
94c41723-b2c4-4b59-a49a-64c9b851903e_Brain,4.0,10000.0,13811.0,8.0,12070530.0,127976.0,"['astrocyte', 'cerebral cortex neuron', 'endothelial cell', 'interneuron', 'microglial cell', 'oligodendrocyte', 'oligodendrocyte precursor cell', 'pyramidal neuron']",['epilepsy'],Brain,10000.0,"['astrocyte', 'cerebral cortex neuron', 'endothelial cell', 'interneuron', 'microglial cell', 'oligodendrocyte', 'oligodendrocyte precursor cell', 'pyramidal neuron']",['epilepsy'],"[""10x 3' v2"", ""10x 3' v3""]","[""10x 3' v2"", ""10x 3' v3""]",94c41723-b2c4-4b59-a49a-64c9b851903e,0.0,step2:https://wandb.ai/xzy11632/dance-dev/sweeps/72pr8ayc|step3:,"- type: filter.gene
  target: FilterGenesPercentile
  params: {}
- type: normalize
  target: Log1P
  params: {}
- type: filter.gene
  target: FilterGenesRegression
  params:
    num_genes: 3000
- type: feature.cell
  params:
    out: feature.cell
    log_level: INFO
    split_name: train
  target: WeightedFeaturePCA
- type: misc
  target: SetConfig
  params:
    config_dict:
      feature_channel: feature.cell
      label_channel: cell_type
",0.521499991416931,all_total_runs:108|all_finished_runs:106|step2_total_runs:108|step2_finished_runs:106|finished_rate:98.15%,False,"- type: filter.gene
  target: FilterGenesPercentile
  params: {}
- type: normalize
  target: Log1P
  params: {}
- type: filter.gene
  target: FilterGenesRegression
  params:
    num_genes: 3000
- type: feature.cell
  params:
    out: feature.cell
    log_level: INFO
    split_name: train
  target: WeightedFeaturePCA
- type: misc
  target: SetConfig
  params:
    config_dict:
      feature_channel: feature.cell
      label_channel: cell_type
",0.521499991416931,"step2:https://wandb.ai/xzy11632/dance-dev/sweeps/na4j490m|step3:https://wandb.ai/xzy11632/dance-dev/sweeps/g4l23ncn,https://wandb.ai/xzy11632/dance-dev/sweeps/1nwfl3oy,https://wandb.ai/xzy11632/dance-dev/sweeps/bu1v969w","- type: filter.gene
  target: FilterGenesPlaceHolder
  params: {}
- type: normalize
  target: ScTransform
  params:
    processes_num: 8
- type: filter.gene
  target: FilterGenesRegression
  params:
    num_genes: 3000
- type: feature.cell
  params:
    out: feature.cell
    log_level: INFO
    split_name: train
  target: WeightedFeatureSVD
- type: misc
  target: SetConfig
  params:
    config_dict:
      feature_channel: feature.cell
      label_channel: cell_type
",0.45100000500679,all_total_runs:116|all_finished_runs:83|step2_total_runs:90|step2_finished_runs:81|step3_0_total_runs:20|step3_0_finished_runs:2|step3_1_total_runs:3|step3_1_finished_runs:0|step3_2_total_runs:3|step3_2_finished_runs:0|finished_rate:71.55%,0.0,"- type: filter.gene
  target: FilterGenesPlaceHolder
  params: {}
- type: normalize
  target: ScTransform
  params:
    processes_num: 8
- type: filter.gene
  target: FilterGenesRegression
  params:
    num_genes: 3000
- type: feature.cell
  params:
    out: feature.cell
    log_level: INFO
    split_name: train
  target: WeightedFeatureSVD
- type: misc
  target: SetConfig
  params:
    config_dict:
      feature_channel: feature.cell
      label_channel: cell_type
",0.45100000500679,step2:https://wandb.ai/xzy11632/dance-dev/sweeps/zsb43775|step3:,"- type: filter.gene
  target: FilterGenesPlaceHolder
  params: {}
- type: normalize
  target: ScTransform
  params:
    processes_num: 8
- type: filter.gene
  target: HighlyVariableGenesLogarithmizedByMeanAndDisp
  params: {}
- type: feature.cell
  params:
    out: feature.cell
    log_level: INFO
    split_name: train
  target: WeightedFeatureSVD
- type: graph.cell
  target: CellFeatureGraph
  params:
    cell_feature_channel: feature.cell
- type: misc
  target: SetConfig
  params:
    config_dict:
      label_channel: cell_type
",0.505500018596649,all_total_runs:30|all_finished_runs:28|step2_total_runs:30|step2_finished_runs:28|finished_rate:93.33%,False,"- type: filter.gene
  target: FilterGenesPlaceHolder
  params: {}
- type: normalize
  target: ScTransform
  params:
    processes_num: 8
- type: filter.gene
  target: HighlyVariableGenesLogarithmizedByMeanAndDisp
  params: {}
- type: feature.cell
  params:
    out: feature.cell
    log_level: INFO
    split_name: train
  target: WeightedFeatureSVD
- type: graph.cell
  target: CellFeatureGraph
  params:
    cell_feature_channel: feature.cell
- type: misc
  target: SetConfig
  params:
    config_dict:
      label_channel: cell_type
",0.505500018596649,"step2:https://wandb.ai/xzy11632/dance-dev/sweeps/34tok99i|step3:https://wandb.ai/xzy11632/dance-dev/sweeps/i5j8ouo4,https://wandb.ai/xzy11632/dance-dev/sweeps/zovgskzy,https://wandb.ai/xzy11632/dance-dev/sweeps/y06r18ya","- type: filter.gene
  target: FilterGenesPlaceHolder
- type: normalize
  target: NormalizeTotalLog1P
  params:
    base: 5.496327654745896
    target_sum: 1000000
    max_fraction: 0.5
- type: filter.gene
  target: HighlyVariableGenesRawCount
  params:
    n_top_genes: 343
    span: 0.4131320377089255
- type: feature.cell
  target: SCNFeature
- type: misc
  target: SetConfig
  params:
    config_dict:
      feature_channel: SCNFeature
      label_channel: cell_type
",0.521,all_total_runs:78|all_finished_runs:36|step2_total_runs:18|step2_finished_runs:15|step3_0_total_runs:20|step3_0_finished_runs:20|step3_1_total_runs:20|step3_1_finished_runs:0|step3_2_total_runs:20|step3_2_finished_runs:1|finished_rate:46.15%,True,"- type: filter.gene
  target: FilterGenesPlaceHolder
  params: {}
- type: normalize
  target: ScTransform
  params:
    processes_num: 8
- type: filter.gene
  target: HighlyVariableGenesLogarithmizedByMeanAndDisp
  params: {}
- type: feature.cell
  target: SCNFeature
- type: misc
  target: SetConfig
  params:
    config_dict:
      feature_channel: SCNFeature
      label_channel: cell_type
",0.52,human,Brain,10000,train,train_human_Brain94c41723-b2c4-4b59-a49a-64c9b851903e_data.h5ad,https://www.dropbox.com/scl/fi/q6vtn80sf8jpkvte55zpm/human_Brain94c41723-b2c4-4b59-a49a-64c9b851903e_data.h5ad?rlkey=6ca2gf47w5r53rw5y5h5b53e8&st=3wkp779m&dl=1,94c41723-b2c4-4b59-a49a-64c9b851903e
9c63201d-bfd9-41a8-bbbc-18d947556f3d_Brain,5.0,10000.0,18211.0,3.0,46845751.0,185477.0,"['chandelier pvalb GABAergic cortical interneuron', 'pvalb GABAergic cortical interneuron', 'sst GABAergic cortical interneuron']",['normal'],Brain,10000.0,"['chandelier pvalb GABAergic cortical interneuron', 'pvalb GABAergic cortical interneuron', 'sst GABAergic cortical interneuron']",['normal'],"[""10x 3' v3""]","[""10x 3' v3""]",9c63201d-bfd9-41a8-bbbc-18d947556f3d,0.0,step2:https://wandb.ai/xzy11632/dance-dev/sweeps/0r07vrvi|step3:,"- type: filter.gene
  target: FilterGenesScanpyOrder
  params:
    order:
    - min_counts
    - min_cells
    - max_counts
    - max_cells
    min_counts: 0.01
    max_counts: 0.99
    min_cells: 0.01
    max_cells: 0.99
- type: normalize
  target: Log1P
  params: {}
- type: filter.gene
  target: FilterGenesTopK
  params:
    num_genes: 3000
- type: feature.cell
  params:
    out: feature.cell
    log_level: INFO
    split_name: train
  target: WeightedFeatureSVD
- type: misc
  target: SetConfig
  params:
    config_dict:
      feature_channel: feature.cell
      label_channel: cell_type
",0.533500015735626,all_total_runs:108|all_finished_runs:108|step2_total_runs:108|step2_finished_runs:108|finished_rate:100.00%,False,"- type: filter.gene
  target: FilterGenesScanpyOrder
  params:
    order:
    - min_counts
    - min_cells
    - max_counts
    - max_cells
    min_counts: 0.01
    max_counts: 0.99
    min_cells: 0.01
    max_cells: 0.99
- type: normalize
  target: Log1P
  params: {}
- type: filter.gene
  target: FilterGenesTopK
  params:
    num_genes: 3000
- type: feature.cell
  params:
    out: feature.cell
    log_level: INFO
    split_name: train
  target: WeightedFeatureSVD
- type: misc
  target: SetConfig
  params:
    config_dict:
      feature_channel: feature.cell
      label_channel: cell_type
",0.533500015735626,"step2:https://wandb.ai/xzy11632/dance-dev/sweeps/i79sqqbq|step3:https://wandb.ai/xzy11632/dance-dev/sweeps/33nxzzk3,https://wandb.ai/xzy11632/dance-dev/sweeps/ydertrpv,https://wandb.ai/xzy11632/dance-dev/sweeps/6cqo5fid","- type: filter.gene
  target: FilterGenesScanpyOrder
  params:
    order:
    - min_counts
    - min_cells
    - max_counts
    - max_cells
    min_counts: 0.01
    max_counts: 0.99
    min_cells: 0.01
    max_cells: 0.99
- type: normalize
  target: ScTransform
  params:
    processes_num: 8
- type: filter.gene
  target: FilterGenesTopK
  params:
    num_genes: 3000
- type: feature.cell
  params:
    out: feature.cell
    log_level: INFO
    split_name: train
  target: WeightedFeaturePCA
- type: misc
  target: SetConfig
  params:
    config_dict:
      feature_channel: feature.cell
      label_channel: cell_type
",0.514999985694885,all_total_runs:150|all_finished_runs:137|step2_total_runs:90|step2_finished_runs:80|step3_0_total_runs:20|step3_0_finished_runs:19|step3_1_total_runs:20|step3_1_finished_runs:19|step3_2_total_runs:20|step3_2_finished_runs:19|finished_rate:91.33%,0.0,"- type: filter.gene
  target: FilterGenesScanpyOrder
  params:
    order:
    - min_counts
    - min_cells
    - max_counts
    - max_cells
    min_counts: 0.01
    max_counts: 0.99
    min_cells: 0.01
    max_cells: 0.99
- type: normalize
  target: ScTransform
  params:
    processes_num: 8
- type: filter.gene
  target: FilterGenesTopK
  params:
    num_genes: 3000
- type: feature.cell
  params:
    out: feature.cell
    log_level: INFO
    split_name: train
  target: WeightedFeaturePCA
- type: misc
  target: SetConfig
  params:
    config_dict:
      feature_channel: feature.cell
      label_channel: cell_type
",0.514999985694885,step2:https://wandb.ai/xzy11632/dance-dev/sweeps/aevbkk5g|step3:,"- type: filter.gene
  target: FilterGenesPlaceHolder
  params: {}
- type: normalize
  target: ScaleFeature
  params: {}
- type: filter.gene
  target: HighlyVariableGenesLogarithmizedByTopGenes
  params:
    n_top_genes: 3000
- type: feature.cell
  params:
    out: feature.cell
    log_level: INFO
    split_name: train
  target: WeightedFeatureSVD
- type: graph.cell
  target: CellFeatureGraph
  params:
    cell_feature_channel: feature.cell
- type: misc
  target: SetConfig
  params:
    config_dict:
      label_channel: cell_type
",0.544000029563904,all_total_runs:30|all_finished_runs:27|step2_total_runs:30|step2_finished_runs:27|finished_rate:90.00%,False,"- type: filter.gene
  target: FilterGenesPlaceHolder
  params: {}
- type: normalize
  target: ScaleFeature
  params: {}
- type: filter.gene
  target: HighlyVariableGenesLogarithmizedByTopGenes
  params:
    n_top_genes: 3000
- type: feature.cell
  params:
    out: feature.cell
    log_level: INFO
    split_name: train
  target: WeightedFeatureSVD
- type: graph.cell
  target: CellFeatureGraph
  params:
    cell_feature_channel: feature.cell
- type: misc
  target: SetConfig
  params:
    config_dict:
      label_channel: cell_type
",0.544000029563904,"step2:https://wandb.ai/xzy11632/dance-dev/sweeps/4g6q17y0|step3:https://wandb.ai/xzy11632/dance-dev/sweeps/7iwvi4nj,https://wandb.ai/xzy11632/dance-dev/sweeps/vxpavi2g,https://wandb.ai/xzy11632/dance-dev/sweeps/8sjonlin","- type: filter.gene
  target: FilterGenesScanpyOrder
  params:
    order:
    - min_counts
    - min_cells
    - max_counts
    - max_cells
    min_counts: 0.01
    max_counts: 0.99
    min_cells: 0.01
    max_cells: 0.99
- type: normalize
  target: Log1P
  params: {}
- type: filter.gene
  target: HighlyVariableGenesLogarithmizedByTopGenes
  params:
    n_top_genes: 3000
- type: feature.cell
  target: SCNFeature
- type: misc
  target: SetConfig
  params:
    config_dict:
      feature_channel: SCNFeature
      label_channel: cell_type
",0.5295,all_total_runs:78|all_finished_runs:57|step2_total_runs:18|step2_finished_runs:12|step3_0_total_runs:20|step3_0_finished_runs:14|step3_1_total_runs:20|step3_1_finished_runs:13|step3_2_total_runs:20|step3_2_finished_runs:18|finished_rate:73.08%,False,"- type: filter.gene
  target: FilterGenesScanpyOrder
  params:
    order:
    - min_counts
    - min_cells
    - max_counts
    - max_cells
    min_counts: 0.01
    max_counts: 0.99
    min_cells: 0.01
    max_cells: 0.99
- type: normalize
  target: Log1P
  params: {}
- type: filter.gene
  target: HighlyVariableGenesLogarithmizedByTopGenes
  params:
    n_top_genes: 3000
- type: feature.cell
  target: SCNFeature
- type: misc
  target: SetConfig
  params:
    config_dict:
      feature_channel: SCNFeature
      label_channel: cell_type
",0.5295,human,Brain,10000,train,train_human_Brain9c63201d-bfd9-41a8-bbbc-18d947556f3d_data.h5ad,https://www.dropbox.com/scl/fi/8hw6yprqqc3tk7k2g03nj/human_Brain9c63201d-bfd9-41a8-bbbc-18d947556f3d_data.h5ad?rlkey=urxy3hu4omlt2824l2epdsl70&st=dqmdsxac&dl=1,9c63201d-bfd9-41a8-bbbc-18d947556f3d
0bc7235a-ae5a-479d-a487-510435377e55_Brain,6.0,10000.0,25686.0,6.0,41071243.0,120807.0,"['astrocyte', 'endothelial cell', 'microglial cell', 'neuron', 'oligodendrocyte', 'oligodendrocyte precursor cell']","['amyotrophic lateral sclerosis', 'amyotrophic lateral sclerosis 26 with or without frontotemporal dementia', 'normal']",Brain,10000.0,"['astrocyte', 'endothelial cell', 'microglial cell', 'neuron', 'oligodendrocyte', 'oligodendrocyte precursor cell']","['amyotrophic lateral sclerosis', 'amyotrophic lateral sclerosis 26 with or without frontotemporal dementia', 'normal']","[""10x 3' v3""]","[""10x 3' v3""]",0bc7235a-ae5a-479d-a487-510435377e55,0.0,step2:https://wandb.ai/xzy11632/dance-dev/sweeps/wwqdm281|step3:,"- type: filter.gene
  target: FilterGenesPlaceHolder
  params: {}
- type: normalize
  target: NormalizeTotalLog1P
  params: {}
- type: filter.gene
  target: FilterGenesTopK
  params:
    num_genes: 3000
- type: feature.cell
  params:
    out: feature.cell
    log_level: INFO
  target: CellSVD
- type: misc
  target: SetConfig
  params:
    config_dict:
      feature_channel: feature.cell
      label_channel: cell_type
",0.551500022411346,all_total_runs:108|all_finished_runs:96|step2_total_runs:108|step2_finished_runs:96|finished_rate:88.89%,False,"- type: filter.gene
  target: FilterGenesPlaceHolder
  params: {}
- type: normalize
  target: NormalizeTotalLog1P
  params: {}
- type: filter.gene
  target: FilterGenesTopK
  params:
    num_genes: 3000
- type: feature.cell
  params:
    out: feature.cell
    log_level: INFO
  target: CellSVD
- type: misc
  target: SetConfig
  params:
    config_dict:
      feature_channel: feature.cell
      label_channel: cell_type
",0.551500022411346,"step2:https://wandb.ai/xzy11632/dance-dev/sweeps/hdkn4j3w|step3:https://wandb.ai/xzy11632/dance-dev/sweeps/ibn5zku0,https://wandb.ai/xzy11632/dance-dev/sweeps/k2g99ea3,https://wandb.ai/xzy11632/dance-dev/sweeps/ycnrjf03","- type: filter.gene
  target: FilterGenesPlaceHolder
- type: normalize
  target: NormalizeTotalLog1P
  params:
    base: 2.614298138654986
    target_sum: 100000
    max_fraction: 1
- type: filter.gene
  target: HighlyVariableGenesLogarithmizedByMeanAndDisp
  params:
    min_disp: 0.1022849948738453
    max_disp: 43.59381660699072
    min_mean: 0.0024631611922982105
    max_mean: 16.09283723789693
    n_bins: 23
    flavor: cell_ranger
- type: feature.cell
  target: FeatureCellPlaceHolder
  params:
    out: feature.cell
    log_level: INFO
- type: misc
  target: SetConfig
  params:
    config_dict:
      feature_channel: feature.cell
      label_channel: cell_type
",0.53549998998642,all_total_runs:150|all_finished_runs:133|step2_total_runs:90|step2_finished_runs:88|step3_0_total_runs:20|step3_0_finished_runs:20|step3_1_total_runs:20|step3_1_finished_runs:20|step3_2_total_runs:20|step3_2_finished_runs:5|finished_rate:88.67%,0.0,"- type: filter.gene
  target: FilterGenesScanpyOrder
  params:
    order:
    - min_counts
    - min_cells
    - max_counts
    - max_cells
    min_counts: 0.01
    max_counts: 0.99
    min_cells: 0.01
    max_cells: 0.99
- type: normalize
  target: NormalizeTotalLog1P
  params: {}
- type: filter.gene
  target: FilterGenesTopK
  params:
    num_genes: 3000
- type: feature.cell
  params:
    out: feature.cell
    log_level: INFO
    split_name: train
  target: WeightedFeaturePCA
- type: misc
  target: SetConfig
  params:
    config_dict:
      feature_channel: feature.cell
      label_channel: cell_type
",0.49549999833107,step2:https://wandb.ai/xzy11632/dance-dev/sweeps/cms2arht|step3:https://wandb.ai/xzy11632/dance-dev/sweeps/k5v38hb2,"- type: filter.gene
  target: FilterGenesPlaceHolder
  params: {}
- type: normalize
  target: Log1P
  params: {}
- type: filter.gene
  target: HighlyVariableGenesLogarithmizedByMeanAndDisp
  params: {}
- type: feature.cell
  params:
    out: feature.cell
    log_level: INFO
    split_name: train
  target: WeightedFeatureSVD
- type: graph.cell
  target: CellFeatureGraph
  params:
    cell_feature_channel: feature.cell
- type: misc
  target: SetConfig
  params:
    config_dict:
      label_channel: cell_type
",0.554499983787537,all_total_runs:50|all_finished_runs:48|step2_total_runs:30|step2_finished_runs:30|step3_0_total_runs:20|step3_0_finished_runs:18|finished_rate:96.00%,False,"- type: filter.gene
  target: FilterGenesPlaceHolder
  params: {}
- type: normalize
  target: Log1P
  params: {}
- type: filter.gene
  target: HighlyVariableGenesLogarithmizedByMeanAndDisp
  params: {}
- type: feature.cell
  params:
    out: feature.cell
    log_level: INFO
    split_name: train
  target: WeightedFeatureSVD
- type: graph.cell
  target: CellFeatureGraph
  params:
    cell_feature_channel: feature.cell
- type: misc
  target: SetConfig
  params:
    config_dict:
      label_channel: cell_type
",0.554499983787537,"step2:https://wandb.ai/xzy11632/dance-dev/sweeps/rnikobf7|step3:https://wandb.ai/xzy11632/dance-dev/sweeps/t7uu9z4i,https://wandb.ai/xzy11632/dance-dev/sweeps/q9tjoukc,https://wandb.ai/xzy11632/dance-dev/sweeps/c1nlbcy5","- type: filter.gene
  target: FilterGenesScanpyOrder
  params:
    order:
    - min_counts
    - min_cells
    - max_counts
    - max_cells
    min_counts: 0.01
    max_counts: 0.99
    min_cells: 0.01
    max_cells: 0.99
- type: normalize
  target: ScTransform
  params:
    processes_num: 8
- type: filter.gene
  target: HighlyVariableGenesLogarithmizedByMeanAndDisp
  params: {}
- type: feature.cell
  target: SCNFeature
- type: misc
  target: SetConfig
  params:
    config_dict:
      feature_channel: SCNFeature
      label_channel: cell_type
",0.5315,all_total_runs:78|all_finished_runs:40|step2_total_runs:18|step2_finished_runs:15|step3_0_total_runs:20|step3_0_finished_runs:4|step3_1_total_runs:20|step3_1_finished_runs:1|step3_2_total_runs:20|step3_2_finished_runs:20|finished_rate:51.28%,True,"- type: filter.gene
  target: FilterGenesScanpyOrder
  params:
    order:
    - min_counts
    - min_cells
    - max_counts
    - max_cells
    min_counts: 0.01
    max_counts: 0.99
    min_cells: 0.01
    max_cells: 0.99
- type: normalize
  target: ScTransform
  params:
    processes_num: 8
- type: filter.gene
  target: HighlyVariableGenesLogarithmizedByMeanAndDisp
  params: {}
- type: feature.cell
  target: SCNFeature
- type: misc
  target: SetConfig
  params:
    config_dict:
      feature_channel: SCNFeature
      label_channel: cell_type
",0.5315,human,Brain,10000,train,train_human_Brain0bc7235a-ae5a-479d-a487-510435377e55_data.h5ad,https://www.dropbox.com/scl/fi/hu35a45qk3b4m2ep17poa/human_Brain0bc7235a-ae5a-479d-a487-510435377e55_data.h5ad?rlkey=zbb9otp1tu6kvlkxsc7absfih&st=p9nwvnjo&dl=1,0bc7235a-ae5a-479d-a487-510435377e55
70e4f35b-c98c-45a1-9aa9-2053b07315dd_Brain,7.0,10000.0,22918.0,12.0,40650622.0,40815.0,"['Bergmann glial cell', 'astrocyte', 'central nervous system macrophage', 'choroid plexus epithelial cell', 'endothelial cell', 'ependymal cell', 'fibroblast', 'leukocyte', 'neuron', 'oligodendrocyte', 'oligodendrocyte precursor cell', 'pericyte', 'vascular associated smooth muscle cell']",['normal'],Brain,10000.0,"['astrocyte', 'central nervous system macrophage', 'choroid plexus epithelial cell', 'endothelial cell', 'ependymal cell', 'fibroblast', 'leukocyte', 'neuron', 'oligodendrocyte', 'oligodendrocyte precursor cell', 'pericyte', 'vascular associated smooth muscle cell']",['normal'],"[""10x 3' v3""]","[""10x 3' v3""]",70e4f35b-c98c-45a1-9aa9-2053b07315dd,0.0,step2:https://wandb.ai/xzy11632/dance-dev/sweeps/wfy4hmc0|step3:,"- type: filter.gene
  target: FilterGenesPlaceHolder
  params: {}
- type: normalize
  target: Log1P
  params: {}
- type: filter.gene
  target: FilterGenesRegression
  params:
    num_genes: 3000
- type: feature.cell
  params:
    out: feature.cell
    log_level: INFO
    split_name: train
  target: WeightedFeatureSVD
- type: misc
  target: SetConfig
  params:
    config_dict:
      feature_channel: feature.cell
      label_channel: cell_type
",0.488499999046326,all_total_runs:108|all_finished_runs:107|step2_total_runs:108|step2_finished_runs:107|finished_rate:99.07%,False,"- type: filter.gene
  target: FilterGenesPlaceHolder
  params: {}
- type: normalize
  target: Log1P
  params: {}
- type: filter.gene
  target: FilterGenesRegression
  params:
    num_genes: 3000
- type: feature.cell
  params:
    out: feature.cell
    log_level: INFO
    split_name: train
  target: WeightedFeatureSVD
- type: misc
  target: SetConfig
  params:
    config_dict:
      feature_channel: feature.cell
      label_channel: cell_type
",0.488499999046326,"step2:https://wandb.ai/xzy11632/dance-dev/sweeps/22y760e3|step3:https://wandb.ai/xzy11632/dance-dev/sweeps/zh3aro9h,https://wandb.ai/xzy11632/dance-dev/sweeps/741gnqbi,https://wandb.ai/xzy11632/dance-dev/sweeps/4it3wba8","- type: filter.gene
  target: FilterGenesPercentile
  params:
    min_val: 10
    max_val: 98
    mode: var
- type: normalize
  target: NormalizeTotalLog1P
  params:
    base: 8.949943757238866
    target_sum: 1000000
    max_fraction: 0.05
- type: filter.gene
  target: HighlyVariableGenesLogarithmizedByMeanAndDisp
  params:
    min_disp: 0.1445284755794815
    max_disp: 96.08364143594348
    min_mean: 0.00032262407824007466
    max_mean: 5.577671687218191
    n_bins: 21
    flavor: cell_ranger
- type: feature.cell
  target: FeatureCellPlaceHolder
  params:
    out: feature.cell
    log_level: INFO
- type: misc
  target: SetConfig
  params:
    config_dict:
      feature_channel: feature.cell
      label_channel: cell_type
",0.488000005483627,all_total_runs:150|all_finished_runs:105|step2_total_runs:90|step2_finished_runs:64|step3_0_total_runs:20|step3_0_finished_runs:1|step3_1_total_runs:20|step3_1_finished_runs:20|step3_2_total_runs:20|step3_2_finished_runs:20|finished_rate:70.00%,0.0,"- type: filter.gene
  target: FilterGenesScanpyOrder
  params:
    order:
    - min_counts
    - min_cells
    - max_counts
    - max_cells
    min_counts: 0.01
    max_counts: 0.99
    min_cells: 0.01
    max_cells: 0.99
- type: normalize
  target: NormalizeTotalLog1P
  params: {}
- type: filter.gene
  target: HighlyVariableGenesLogarithmizedByMeanAndDisp
  params: {}
- type: feature.cell
  params:
    out: feature.cell
    log_level: INFO
  target: FeatureCellPlaceHolder
- type: misc
  target: SetConfig
  params:
    config_dict:
      feature_channel: feature.cell
      label_channel: cell_type
",0.4375,"step2:https://wandb.ai/xzy11632/dance-dev/sweeps/rle77qun|step3:https://wandb.ai/xzy11632/dance-dev/sweeps/17kcw96t,https://wandb.ai/xzy11632/dance-dev/sweeps/w4o0k3vr,https://wandb.ai/xzy11632/dance-dev/sweeps/l7903jpj","- type: filter.gene
  target: FilterGenesPercentile
  params:
    min_val: 6
    max_val: 96
    mode: cv
- type: normalize
  target: NormalizeTotalLog1P
  params:
    base: 3.5170882095281173
    target_sum: 100000
    max_fraction: 0.05
- type: filter.gene
  target: HighlyVariableGenesRawCount
  params:
    n_top_genes: 1838
    span: 0.19513959664788552
- type: feature.cell
  target: WeightedFeatureSVD
  params:
    out: feature.cell
    log_level: INFO
    n_components: 941
    feat_norm_mode: l2
- type: graph.cell
  target: CellFeatureGraph
  params:
    cell_feature_channel: feature.cell
- type: misc
  target: SetConfig
  params:
    config_dict:
      label_channel: cell_type
",0.495999991893768,all_total_runs:90|all_finished_runs:89|step2_total_runs:30|step2_finished_runs:29|step3_0_total_runs:20|step3_0_finished_runs:20|step3_1_total_runs:20|step3_1_finished_runs:20|step3_2_total_runs:20|step3_2_finished_runs:20|finished_rate:98.89%,False,"- type: filter.gene
  target: FilterGenesScanpyOrder
  params:
    order:
    - min_counts
    - min_cells
    - max_counts
    - max_cells
    min_counts: 0.01
    max_counts: 0.99
    min_cells: 0.01
    max_cells: 0.99
- type: normalize
  target: NormalizeTotalLog1P
  params: {}
- type: filter.gene
  target: FilterGenesRegression
  params:
    num_genes: 3000
- type: feature.cell
  params:
    out: feature.cell
    log_level: INFO
    split_name: train
  target: WeightedFeaturePCA
- type: graph.cell
  target: CellFeatureGraph
  params:
    cell_feature_channel: feature.cell
- type: misc
  target: SetConfig
  params:
    config_dict:
      label_channel: cell_type
",0.49549999833107,"step2:https://wandb.ai/xzy11632/dance-dev/sweeps/b0oa43hp|step3:https://wandb.ai/xzy11632/dance-dev/sweeps/53mxbl79,https://wandb.ai/xzy11632/dance-dev/sweeps/h4w4vzof,https://wandb.ai/xzy11632/dance-dev/sweeps/xgm2kl45","- type: filter.gene
  target: FilterGenesScanpyOrder
  params:
    order:
    - min_counts
    - min_cells
    - max_counts
    - max_cells
    min_counts: 0.01
    max_counts: 0.99
    min_cells: 0.01
    max_cells: 0.99
- type: normalize
  target: ScaleFeature
  params: {}
- type: filter.gene
  target: FilterGenesNumberPlaceHolder
  params: {}
- type: feature.cell
  target: SCNFeature
- type: misc
  target: SetConfig
  params:
    config_dict:
      feature_channel: SCNFeature
      label_channel: cell_type
",0.484,all_total_runs:78|all_finished_runs:33|step2_total_runs:18|step2_finished_runs:3|step3_0_total_runs:20|step3_0_finished_runs:15|step3_1_total_runs:20|step3_1_finished_runs:15|step3_2_total_runs:20|step3_2_finished_runs:0|finished_rate:42.31%,True,"- type: filter.gene
  target: FilterGenesScanpyOrder
  params:
    order:
    - min_counts
    - min_cells
    - max_counts
    - max_cells
    min_counts: 0.01
    max_counts: 0.99
    min_cells: 0.01
    max_cells: 0.99
- type: normalize
  target: ScaleFeature
  params: {}
- type: filter.gene
  target: FilterGenesNumberPlaceHolder
  params: {}
- type: feature.cell
  target: SCNFeature
- type: misc
  target: SetConfig
  params:
    config_dict:
      feature_channel: SCNFeature
      label_channel: cell_type
",0.484,human,Brain,10000,train,train_human_Brain70e4f35b-c98c-45a1-9aa9-2053b07315dd_data.h5ad,https://www.dropbox.com/scl/fi/ubqn57ate29dfuvapx4qi/human_Brain70e4f35b-c98c-45a1-9aa9-2053b07315dd_data.h5ad?rlkey=5p5wnukkq5lb6c8v0s5itcv2j&st=730w6nsz&dl=1,70e4f35b-c98c-45a1-9aa9-2053b07315dd
72822932-10f6-466f-baf3-a2c1d89364bc_Brain,8.0,10000.0,13372.0,9.0,25817645.0,16416.0,"['caudal ganglionic eminence derived GABAergic cortical interneuron', 'chandelier cell', 'forebrain neuroblast', 'lamp5 GABAergic cortical interneuron', 'pvalb GABAergic cortical interneuron', 'sncg GABAergic cortical interneuron', 'sst GABAergic cortical interneuron', 'sst chodl GABAergic cortical interneuron', 'vip GABAergic cortical interneuron']",['normal'],Brain,10000.0,"['caudal ganglionic eminence derived GABAergic cortical interneuron', 'chandelier cell', 'forebrain neuroblast', 'lamp5 GABAergic cortical interneuron', 'pvalb GABAergic cortical interneuron', 'sncg GABAergic cortical interneuron', 'sst GABAergic cortical interneuron', 'sst chodl GABAergic cortical interneuron', 'vip GABAergic cortical interneuron']",['normal'],"[""10x 3' v3""]","[""10x 3' v3""]",72822932-10f6-466f-baf3-a2c1d89364bc,0.0,step2:https://wandb.ai/xzy11632/dance-dev/sweeps/l39ao4oy|step3:,"- type: filter.gene
  target: FilterGenesScanpyOrder
  params:
    order:
    - min_counts
    - min_cells
    - max_counts
    - max_cells
    min_counts: 0.01
    max_counts: 0.99
    min_cells: 0.01
    max_cells: 0.99
- type: normalize
  target: ScaleFeature
  params: {}
- type: filter.gene
  target: HighlyVariableGenesRawCount
  params:
    n_top_genes: 3000
- type: feature.cell
  params:
    out: feature.cell
    log_level: INFO
    split_name: train
  target: WeightedFeatureSVD
- type: misc
  target: SetConfig
  params:
    config_dict:
      feature_channel: feature.cell
      label_channel: cell_type
",0.340999990701675,all_total_runs:108|all_finished_runs:106|step2_total_runs:108|step2_finished_runs:106|finished_rate:98.15%,False,"- type: filter.gene
  target: FilterGenesScanpyOrder
  params:
    order:
    - min_counts
    - min_cells
    - max_counts
    - max_cells
    min_counts: 0.01
    max_counts: 0.99
    min_cells: 0.01
    max_cells: 0.99
- type: normalize
  target: ScaleFeature
  params: {}
- type: filter.gene
  target: HighlyVariableGenesRawCount
  params:
    n_top_genes: 3000
- type: feature.cell
  params:
    out: feature.cell
    log_level: INFO
    split_name: train
  target: WeightedFeatureSVD
- type: misc
  target: SetConfig
  params:
    config_dict:
      feature_channel: feature.cell
      label_channel: cell_type
",0.340999990701675,"step2:https://wandb.ai/xzy11632/dance-dev/sweeps/xbl3wvdd|step3:https://wandb.ai/xzy11632/dance-dev/sweeps/406cmsh9,https://wandb.ai/xzy11632/dance-dev/sweeps/r0g8odrc,https://wandb.ai/xzy11632/dance-dev/sweeps/lzha171h","- type: filter.gene
  target: FilterGenesScanpyOrder
  params:
    order:
    - max_cells
    - min_cells
    - max_counts
    - min_counts
    min_counts: 227
    min_cells: 0.0630254367425379
    max_counts: 0.9799020022886562
    max_cells: 0.9533925635977648
- type: normalize
  target: NormalizePlaceHolder
- type: filter.gene
  target: FilterGenesTopK
  params:
    num_genes: 2090
    top: false
    mode: var
- type: feature.cell
  target: GaussRandProjFeature
  params:
    out: feature.cell
    log_level: INFO
    n_components: 105
- type: misc
  target: SetConfig
  params:
    config_dict:
      feature_channel: feature.cell
      label_channel: cell_type
",0.28549998998642,all_total_runs:116|all_finished_runs:70|step2_total_runs:90|step2_finished_runs:56|step3_0_total_runs:20|step3_0_finished_runs:14|step3_1_total_runs:3|step3_1_finished_runs:0|step3_2_total_runs:3|step3_2_finished_runs:0|finished_rate:60.34%,0.0,"- type: filter.gene
  target: FilterGenesPercentile
  params: {}
- type: normalize
  target: NormalizeTotalLog1P
  params: {}
- type: filter.gene
  target: FilterGenesRegression
  params:
    num_genes: 3000
- type: feature.cell
  params:
    out: feature.cell
    log_level: INFO
  target: FeatureCellPlaceHolder
- type: misc
  target: SetConfig
  params:
    config_dict:
      feature_channel: feature.cell
      label_channel: cell_type
",0.283499985933304,"step2:https://wandb.ai/xzy11632/dance-dev/sweeps/65o9wvsi|step3:https://wandb.ai/xzy11632/dance-dev/sweeps/pnw1b5i6,https://wandb.ai/xzy11632/dance-dev/sweeps/yzwdsbv5,https://wandb.ai/xzy11632/dance-dev/sweeps/rb8uzdzj","- type: filter.gene
  target: FilterGenesPlaceHolder
  params: {}
- type: normalize
  target: Log1P
  params: {}
- type: filter.gene
  target: HighlyVariableGenesRawCount
  params:
    n_top_genes: 3000
- type: feature.cell
  params:
    out: feature.cell
    log_level: INFO
    split_name: train
  target: WeightedFeaturePCA
- type: graph.cell
  target: CellFeatureGraph
  params:
    cell_feature_channel: feature.cell
- type: misc
  target: SetConfig
  params:
    config_dict:
      label_channel: cell_type
",0.33950001001358,all_total_runs:90|all_finished_runs:84|step2_total_runs:30|step2_finished_runs:27|step3_0_total_runs:20|step3_0_finished_runs:19|step3_1_total_runs:20|step3_1_finished_runs:20|step3_2_total_runs:20|step3_2_finished_runs:18|finished_rate:93.33%,False,"- type: filter.gene
  target: FilterGenesPlaceHolder
  params: {}
- type: normalize
  target: Log1P
  params: {}
- type: filter.gene
  target: HighlyVariableGenesRawCount
  params:
    n_top_genes: 3000
- type: feature.cell
  params:
    out: feature.cell
    log_level: INFO
    split_name: train
  target: WeightedFeaturePCA
- type: graph.cell
  target: CellFeatureGraph
  params:
    cell_feature_channel: feature.cell
- type: misc
  target: SetConfig
  params:
    config_dict:
      label_channel: cell_type
",0.33950001001358,"step2:https://wandb.ai/xzy11632/dance-dev/sweeps/f7sbxnd4|step3:https://wandb.ai/xzy11632/dance-dev/sweeps/b7um5pdr,https://wandb.ai/xzy11632/dance-dev/sweeps/sp1calaz,https://wandb.ai/xzy11632/dance-dev/sweeps/poo0z3nn","- type: filter.gene
  target: FilterGenesPercentile
  params: {}
- type: normalize
  target: ScaleFeature
  params: {}
- type: filter.gene
  target: FilterGenesRegression
  params:
    num_genes: 3000
- type: feature.cell
  target: SCNFeature
- type: misc
  target: SetConfig
  params:
    config_dict:
      feature_channel: SCNFeature
      label_channel: cell_type
",0.3435,all_total_runs:78|all_finished_runs:56|step2_total_runs:18|step2_finished_runs:18|step3_0_total_runs:20|step3_0_finished_runs:0|step3_1_total_runs:20|step3_1_finished_runs:18|step3_2_total_runs:20|step3_2_finished_runs:20|finished_rate:71.79%,False,"- type: filter.gene
  target: FilterGenesPercentile
  params: {}
- type: normalize
  target: ScaleFeature
  params: {}
- type: filter.gene
  target: FilterGenesRegression
  params:
    num_genes: 3000
- type: feature.cell
  target: SCNFeature
- type: misc
  target: SetConfig
  params:
    config_dict:
      feature_channel: SCNFeature
      label_channel: cell_type
",0.3435,human,Brain,10000,train,train_human_Brain72822932-10f6-466f-baf3-a2c1d89364bc_data.h5ad,https://www.dropbox.com/scl/fi/llmit9a77dkby69p5eki5/human_Brain72822932-10f6-466f-baf3-a2c1d89364bc_data.h5ad?rlkey=o294joyf2yrwi403qll905bak&st=m95dzpp5&dl=1,72822932-10f6-466f-baf3-a2c1d89364bc
22658f4f-9268-41ad-8828-cc53f4baa9fa_Brain,9.0,10000.0,18653.0,11.0,55446685.0,12557.0,"['astrocyte', 'central nervous system macrophage', 'endothelial cell', 'ependymal cell', 'fibroblast', 'leukocyte', 'neuron', 'oligodendrocyte', 'oligodendrocyte precursor cell', 'pericyte', 'vascular associated smooth muscle cell']",['normal'],Brain,10000.0,"['astrocyte', 'central nervous system macrophage', 'endothelial cell', 'ependymal cell', 'fibroblast', 'leukocyte', 'neuron', 'oligodendrocyte', 'oligodendrocyte precursor cell', 'pericyte', 'vascular associated smooth muscle cell']",['normal'],"[""10x 3' v3""]","[""10x 3' v3""]",22658f4f-9268-41ad-8828-cc53f4baa9fa,0.0,step2:https://wandb.ai/xzy11632/dance-dev/sweeps/kd8gkfnc|step3:,"- type: filter.gene
  target: FilterGenesScanpyOrder
  params:
    order:
    - min_counts
    - min_cells
    - max_counts
    - max_cells
    min_counts: 0.01
    max_counts: 0.99
    min_cells: 0.01
    max_cells: 0.99
- type: normalize
  target: ScaleFeature
  params: {}
- type: filter.gene
  target: HighlyVariableGenesRawCount
  params:
    n_top_genes: 3000
- type: feature.cell
  params:
    out: feature.cell
    log_level: INFO
    split_name: train
  target: WeightedFeatureSVD
- type: misc
  target: SetConfig
  params:
    config_dict:
      feature_channel: feature.cell
      label_channel: cell_type
",0.760999977588654,all_total_runs:108|all_finished_runs:95|step2_total_runs:108|step2_finished_runs:95|finished_rate:87.96%,False,"- type: filter.gene
  target: FilterGenesScanpyOrder
  params:
    order:
    - min_counts
    - min_cells
    - max_counts
    - max_cells
    min_counts: 0.01
    max_counts: 0.99
    min_cells: 0.01
    max_cells: 0.99
- type: normalize
  target: ScaleFeature
  params: {}
- type: filter.gene
  target: HighlyVariableGenesRawCount
  params:
    n_top_genes: 3000
- type: feature.cell
  params:
    out: feature.cell
    log_level: INFO
    split_name: train
  target: WeightedFeatureSVD
- type: misc
  target: SetConfig
  params:
    config_dict:
      feature_channel: feature.cell
      label_channel: cell_type
",0.760999977588654,"step2:https://wandb.ai/xzy11632/dance-dev/sweeps/1pll5s3j|step3:https://wandb.ai/xzy11632/dance-dev/sweeps/c427ljbw,https://wandb.ai/xzy11632/dance-dev/sweeps/1gigyb1r,https://wandb.ai/xzy11632/dance-dev/sweeps/gzgr4niw","- type: filter.gene
  target: FilterGenesPercentile
  params: {}
- type: normalize
  target: ScTransform
  params:
    processes_num: 8
- type: filter.gene
  target: HighlyVariableGenesLogarithmizedByMeanAndDisp
  params: {}
- type: feature.cell
  params:
    out: feature.cell
    log_level: INFO
    split_name: train
  target: WeightedFeaturePCA
- type: misc
  target: SetConfig
  params:
    config_dict:
      feature_channel: feature.cell
      label_channel: cell_type
",0.751500010490417,all_total_runs:150|all_finished_runs:84|step2_total_runs:90|step2_finished_runs:79|step3_0_total_runs:20|step3_0_finished_runs:2|step3_1_total_runs:20|step3_1_finished_runs:0|step3_2_total_runs:20|step3_2_finished_runs:3|finished_rate:56.00%,1.0,"- type: filter.gene
  target: FilterGenesPercentile
  params: {}
- type: normalize
  target: ScTransform
  params:
    processes_num: 8
- type: filter.gene
  target: HighlyVariableGenesLogarithmizedByMeanAndDisp
  params: {}
- type: feature.cell
  params:
    out: feature.cell
    log_level: INFO
    split_name: train
  target: WeightedFeaturePCA
- type: misc
  target: SetConfig
  params:
    config_dict:
      feature_channel: feature.cell
      label_channel: cell_type
",0.751500010490417,step2:https://wandb.ai/xzy11632/dance-dev/sweeps/u9fopcw6|step3:,"- type: filter.gene
  target: FilterGenesScanpyOrder
  params:
    order:
    - min_counts
    - min_cells
    - max_counts
    - max_cells
    min_counts: 0.01
    max_counts: 0.99
    min_cells: 0.01
    max_cells: 0.99
- type: normalize
  target: Log1P
  params: {}
- type: filter.gene
  target: HighlyVariableGenesLogarithmizedByTopGenes
  params:
    n_top_genes: 3000
- type: feature.cell
  params:
    out: feature.cell
    log_level: INFO
    split_name: train
  target: WeightedFeatureSVD
- type: graph.cell
  target: CellFeatureGraph
  params:
    cell_feature_channel: feature.cell
- type: misc
  target: SetConfig
  params:
    config_dict:
      label_channel: cell_type
",0.771000027656555,all_total_runs:30|all_finished_runs:30|step2_total_runs:30|step2_finished_runs:30|finished_rate:100.00%,False,"- type: filter.gene
  target: FilterGenesScanpyOrder
  params:
    order:
    - min_counts
    - min_cells
    - max_counts
    - max_cells
    min_counts: 0.01
    max_counts: 0.99
    min_cells: 0.01
    max_cells: 0.99
- type: normalize
  target: Log1P
  params: {}
- type: filter.gene
  target: HighlyVariableGenesLogarithmizedByTopGenes
  params:
    n_top_genes: 3000
- type: feature.cell
  params:
    out: feature.cell
    log_level: INFO
    split_name: train
  target: WeightedFeatureSVD
- type: graph.cell
  target: CellFeatureGraph
  params:
    cell_feature_channel: feature.cell
- type: misc
  target: SetConfig
  params:
    config_dict:
      label_channel: cell_type
",0.771000027656555,"step2:https://wandb.ai/xzy11632/dance-dev/sweeps/sumzfnp0|step3:https://wandb.ai/xzy11632/dance-dev/sweeps/dv4s40vc,https://wandb.ai/xzy11632/dance-dev/sweeps/riwiqkje,https://wandb.ai/xzy11632/dance-dev/sweeps/tkq5e2gl","- type: filter.gene
  target: FilterGenesScanpyOrder
  params:
    order:
    - min_counts
    - min_cells
    - max_counts
    - max_cells
    min_counts: 0.01
    max_counts: 0.99
    min_cells: 0.01
    max_cells: 0.99
- type: normalize
  target: Log1P
  params: {}
- type: filter.gene
  target: HighlyVariableGenesLogarithmizedByTopGenes
  params:
    n_top_genes: 3000
- type: feature.cell
  target: SCNFeature
- type: misc
  target: SetConfig
  params:
    config_dict:
      feature_channel: SCNFeature
      label_channel: cell_type
",0.7735,all_total_runs:78|all_finished_runs:70|step2_total_runs:18|step2_finished_runs:14|step3_0_total_runs:20|step3_0_finished_runs:18|step3_1_total_runs:20|step3_1_finished_runs:20|step3_2_total_runs:20|step3_2_finished_runs:18|finished_rate:89.74%,False,"- type: filter.gene
  target: FilterGenesScanpyOrder
  params:
    order:
    - min_counts
    - min_cells
    - max_counts
    - max_cells
    min_counts: 0.01
    max_counts: 0.99
    min_cells: 0.01
    max_cells: 0.99
- type: normalize
  target: Log1P
  params: {}
- type: filter.gene
  target: HighlyVariableGenesLogarithmizedByTopGenes
  params:
    n_top_genes: 3000
- type: feature.cell
  target: SCNFeature
- type: misc
  target: SetConfig
  params:
    config_dict:
      feature_channel: SCNFeature
      label_channel: cell_type
",0.7735,human,Brain,10000,train,train_human_Brain22658f4f-9268-41ad-8828-cc53f4baa9fa_data.h5ad,https://www.dropbox.com/scl/fi/t5vnklfwn8eu2ht5ph4fd/human_Brain22658f4f-9268-41ad-8828-cc53f4baa9fa_data.h5ad?rlkey=latl59ppqnr4bif69xxt92sss&st=yhhuzvrf&dl=1,22658f4f-9268-41ad-8828-cc53f4baa9fa
d5452b83-7c3d-4d7c-ab7a-c7fece7196c5_Brain,13.0,8077.0,18488.0,11.0,42247966.0,8077.0,"['astrocyte', 'central nervous system macrophage', 'endothelial cell', 'ependymal cell', 'fibroblast', 'leukocyte', 'neuron', 'oligodendrocyte', 'oligodendrocyte precursor cell', 'pericyte', 'vascular associated smooth muscle cell']",['normal'],Brain,,,,"[""10x 3' v3""]",,d5452b83-7c3d-4d7c-ab7a-c7fece7196c5,0.0,step2:https://wandb.ai/xzy11632/dance-dev/sweeps/fe78lg8p|step3:,"- type: filter.gene
  target: FilterGenesPlaceHolder
  params: {}
- type: normalize
  target: Log1P
  params: {}
- type: filter.gene
  target: FilterGenesTopK
  params:
    num_genes: 3000
- type: feature.cell
  params:
    out: feature.cell
    log_level: INFO
  target: CellSVD
- type: misc
  target: SetConfig
  params:
    config_dict:
      feature_channel: feature.cell
      label_channel: cell_type
",0.586633682250977,all_total_runs:108|all_finished_runs:108|step2_total_runs:108|step2_finished_runs:108|finished_rate:100.00%,False,"- type: filter.gene
  target: FilterGenesPlaceHolder
  params: {}
- type: normalize
  target: Log1P
  params: {}
- type: filter.gene
  target: FilterGenesTopK
  params:
    num_genes: 3000
- type: feature.cell
  params:
    out: feature.cell
    log_level: INFO
  target: CellSVD
- type: misc
  target: SetConfig
  params:
    config_dict:
      feature_channel: feature.cell
      label_channel: cell_type
",0.586633682250977,"step2:https://wandb.ai/xzy11632/dance-dev/sweeps/wrs59s6u|step3:https://wandb.ai/xzy11632/dance-dev/sweeps/ym85gqsu,https://wandb.ai/xzy11632/dance-dev/sweeps/p286jjvd,https://wandb.ai/xzy11632/dance-dev/sweeps/h2spm7kc","- type: filter.gene
  target: FilterGenesPercentile
  params:
    min_val: 9
    max_val: 97
    mode: var
- type: normalize
  target: NormalizeTotalLog1P
  params:
    base: 3.932150088739544
    target_sum: null
    max_fraction: 0.01
- type: filter.gene
  target: HighlyVariableGenesLogarithmizedByMeanAndDisp
  params:
    min_disp: 0.10214337515324276
    max_disp: 90.73511694775708
    min_mean: 0.0009294935856791796
    max_mean: 8.40092749350028
    n_bins: 26
    flavor: cell_ranger
- type: feature.cell
  target: FeatureCellPlaceHolder
  params:
    out: feature.cell
    log_level: INFO
- type: misc
  target: SetConfig
  params:
    config_dict:
      feature_channel: feature.cell
      label_channel: cell_type
",0.574876248836517,all_total_runs:150|all_finished_runs:130|step2_total_runs:90|step2_finished_runs:77|step3_0_total_runs:20|step3_0_finished_runs:16|step3_1_total_runs:20|step3_1_finished_runs:19|step3_2_total_runs:20|step3_2_finished_runs:18|finished_rate:86.67%,0.0,"- type: filter.gene
  target: FilterGenesPlaceHolder
  params: {}
- type: normalize
  target: ScTransform
  params:
    processes_num: 8
- type: filter.gene
  target: FilterGenesRegression
  params:
    num_genes: 3000
- type: feature.cell
  params:
    out: feature.cell
    log_level: INFO
  target: FeatureCellPlaceHolder
- type: misc
  target: SetConfig
  params:
    config_dict:
      feature_channel: feature.cell
      label_channel: cell_type
",0.569306910037994,step2:https://wandb.ai/xzy11632/dance-dev/sweeps/0alkax9n|step3:,"- type: filter.gene
  target: FilterGenesPlaceHolder
  params: {}
- type: normalize
  target: Log1P
  params: {}
- type: filter.gene
  target: HighlyVariableGenesLogarithmizedByTopGenes
  params:
    n_top_genes: 3000
- type: feature.cell
  params:
    out: feature.cell
    log_level: INFO
    split_name: train
  target: WeightedFeaturePCA
- type: graph.cell
  target: CellFeatureGraph
  params:
    cell_feature_channel: feature.cell
- type: misc
  target: SetConfig
  params:
    config_dict:
      label_channel: cell_type
",0.574876248836517,all_total_runs:30|all_finished_runs:27|step2_total_runs:30|step2_finished_runs:27|finished_rate:90.00%,False,"- type: filter.gene
  target: FilterGenesPlaceHolder
  params: {}
- type: normalize
  target: Log1P
  params: {}
- type: filter.gene
  target: HighlyVariableGenesLogarithmizedByTopGenes
  params:
    n_top_genes: 3000
- type: feature.cell
  params:
    out: feature.cell
    log_level: INFO
    split_name: train
  target: WeightedFeaturePCA
- type: graph.cell
  target: CellFeatureGraph
  params:
    cell_feature_channel: feature.cell
- type: misc
  target: SetConfig
  params:
    config_dict:
      label_channel: cell_type
",0.574876248836517,"step2:https://wandb.ai/xzy11632/dance-dev/sweeps/d8dt9ooa|step3:https://wandb.ai/xzy11632/dance-dev/sweeps/wo4v6spx,https://wandb.ai/xzy11632/dance-dev/sweeps/f1mvt5p5,https://wandb.ai/xzy11632/dance-dev/sweeps/m95w88zp","- type: filter.gene
  target: FilterGenesScanpyOrder
  params:
    order:
    - min_counts
    - min_cells
    - max_counts
    - max_cells
    min_counts: 0.01
    max_counts: 0.99
    min_cells: 0.01
    max_cells: 0.99
- type: normalize
  target: ScTransform
  params:
    processes_num: 8
- type: filter.gene
  target: FilterGenesRegression
  params:
    num_genes: 3000
- type: feature.cell
  target: SCNFeature
- type: misc
  target: SetConfig
  params:
    config_dict:
      feature_channel: SCNFeature
      label_channel: cell_type
",0.598391089108911,all_total_runs:78|all_finished_runs:31|step2_total_runs:18|step2_finished_runs:12|step3_0_total_runs:20|step3_0_finished_runs:9|step3_1_total_runs:20|step3_1_finished_runs:10|step3_2_total_runs:20|step3_2_finished_runs:0|finished_rate:39.74%,True,"- type: filter.gene
  target: FilterGenesScanpyOrder
  params:
    order:
    - min_counts
    - min_cells
    - max_counts
    - max_cells
    min_counts: 0.01
    max_counts: 0.99
    min_cells: 0.01
    max_cells: 0.99
- type: normalize
  target: ScTransform
  params:
    processes_num: 8
- type: filter.gene
  target: FilterGenesRegression
  params:
    num_genes: 3000
- type: feature.cell
  target: SCNFeature
- type: misc
  target: SetConfig
  params:
    config_dict:
      feature_channel: SCNFeature
      label_channel: cell_type
",0.598391089108911,human,Brain,8077,train,train_human_Braind5452b83-7c3d-4d7c-ab7a-c7fece7196c5_data.h5ad,https://www.dropbox.com/scl/fi/yqk7qe9qynbysy2qzuymp/human_Braind5452b83-7c3d-4d7c-ab7a-c7fece7196c5_data.h5ad?rlkey=9zbbwyewq97ff9eaermqx8ers&st=j1ordew8&dl=1,d5452b83-7c3d-4d7c-ab7a-c7fece7196c5
774c18c5-efa1-4dc5-9e5e-2c824bab2e34_Brain,14.0,3581.0,17442.0,7.0,8985965.0,3581.0,"['astrocyte', 'myeloid cell', 'neoplastic cell', 'neuron', 'oligodendrocyte', 'oligodendrocyte precursor cell', 'vascular lymphangioblast']",['glioblastoma'],Brain,,,,['Smart-seq2'],,774c18c5-efa1-4dc5-9e5e-2c824bab2e34,0.0,step2:https://wandb.ai/xzy11632/dance-dev/sweeps/9xex6z2a|step3:,"- type: filter.gene
  target: FilterGenesPlaceHolder
  params: {}
- type: normalize
  target: Log1P
  params: {}
- type: filter.gene
  target: FilterGenesNumberPlaceHolder
  params: {}
- type: feature.cell
  params:
    out: feature.cell
    log_level: INFO
    split_name: train
  target: WeightedFeatureSVD
- type: misc
  target: SetConfig
  params:
    config_dict:
      feature_channel: feature.cell
      label_channel: cell_type
",0.529986023902893,all_total_runs:108|all_finished_runs:106|step2_total_runs:108|step2_finished_runs:106|finished_rate:98.15%,False,"- type: filter.gene
  target: FilterGenesPlaceHolder
  params: {}
- type: normalize
  target: Log1P
  params: {}
- type: filter.gene
  target: FilterGenesNumberPlaceHolder
  params: {}
- type: feature.cell
  params:
    out: feature.cell
    log_level: INFO
    split_name: train
  target: WeightedFeatureSVD
- type: misc
  target: SetConfig
  params:
    config_dict:
      feature_channel: feature.cell
      label_channel: cell_type
",0.529986023902893,"step2:https://wandb.ai/xzy11632/dance-dev/sweeps/sgqqc9np|step3:https://wandb.ai/xzy11632/dance-dev/sweeps/mjyq7z7m,https://wandb.ai/xzy11632/dance-dev/sweeps/mhh58sii,https://wandb.ai/xzy11632/dance-dev/sweeps/z2t29azy","- type: filter.gene
  target: FilterGenesPercentile
  params:
    min_val: 9
    max_val: 98
    mode: rv
- type: normalize
  target: Log1P
  params:
    base: 4.244030805359996
- type: filter.gene
  target: HighlyVariableGenesLogarithmizedByMeanAndDisp
  params:
    min_disp: 0.21907134521214233
    max_disp: 34.40662306477747
    min_mean: 0.0008554222439649026
    max_mean: 14.872675525084508
    n_bins: 15
    flavor: cell_ranger
- type: feature.cell
  target: FeatureCellPlaceHolder
  params:
    out: feature.cell
    log_level: INFO
- type: misc
  target: SetConfig
  params:
    config_dict:
      feature_channel: feature.cell
      label_channel: cell_type
",0.532775461673737,all_total_runs:150|all_finished_runs:107|step2_total_runs:90|step2_finished_runs:61|step3_0_total_runs:20|step3_0_finished_runs:12|step3_1_total_runs:20|step3_1_finished_runs:14|step3_2_total_runs:20|step3_2_finished_runs:20|finished_rate:71.33%,0.0,"- type: filter.gene
  target: FilterGenesScanpyOrder
  params:
    order:
    - min_counts
    - min_cells
    - max_counts
    - max_cells
    min_counts: 0.01
    max_counts: 0.99
    min_cells: 0.01
    max_cells: 0.99
- type: normalize
  target: ScTransform
  params:
    processes_num: 8
- type: filter.gene
  target: FilterGenesRegression
  params:
    num_genes: 3000
- type: feature.cell
  params:
    out: feature.cell
    log_level: INFO
  target: FeatureCellPlaceHolder
- type: misc
  target: SetConfig
  params:
    config_dict:
      feature_channel: feature.cell
      label_channel: cell_type
",0.511854946613312,"step2:https://wandb.ai/xzy11632/dance-dev/sweeps/pf4tmak8|step3:https://wandb.ai/xzy11632/dance-dev/sweeps/agxriv3w,https://wandb.ai/xzy11632/dance-dev/sweeps/xsrtxs0d,https://wandb.ai/xzy11632/dance-dev/sweeps/2bsjfnnx","- type: filter.gene
  target: FilterGenesScanpyOrder
  params:
    order:
    - min_counts
    - min_cells
    - max_counts
    - max_cells
    min_counts: 0.01
    max_counts: 0.99
    min_cells: 0.01
    max_cells: 0.99
- type: normalize
  target: ScaleFeature
  params: {}
- type: filter.gene
  target: FilterGenesTopK
  params:
    num_genes: 3000
- type: feature.cell
  params:
    out: feature.cell
    log_level: INFO
    split_name: train
  target: WeightedFeatureSVD
- type: graph.cell
  target: CellFeatureGraph
  params:
    cell_feature_channel: feature.cell
- type: misc
  target: SetConfig
  params:
    config_dict:
      label_channel: cell_type
",0.535564839839935,all_total_runs:90|all_finished_runs:85|step2_total_runs:30|step2_finished_runs:28|step3_0_total_runs:20|step3_0_finished_runs:20|step3_1_total_runs:20|step3_1_finished_runs:17|step3_2_total_runs:20|step3_2_finished_runs:20|finished_rate:94.44%,False,"- type: filter.gene
  target: FilterGenesScanpyOrder
  params:
    order:
    - min_counts
    - min_cells
    - max_counts
    - max_cells
    min_counts: 0.01
    max_counts: 0.99
    min_cells: 0.01
    max_cells: 0.99
- type: normalize
  target: ScaleFeature
  params: {}
- type: filter.gene
  target: FilterGenesTopK
  params:
    num_genes: 3000
- type: feature.cell
  params:
    out: feature.cell
    log_level: INFO
    split_name: train
  target: WeightedFeatureSVD
- type: graph.cell
  target: CellFeatureGraph
  params:
    cell_feature_channel: feature.cell
- type: misc
  target: SetConfig
  params:
    config_dict:
      label_channel: cell_type
",0.535564839839935,"step2:https://wandb.ai/xzy11632/dance-dev/sweeps/ejynk8ji|step3:https://wandb.ai/xzy11632/dance-dev/sweeps/5xktdxqu,https://wandb.ai/xzy11632/dance-dev/sweeps/avc1tucz,https://wandb.ai/xzy11632/dance-dev/sweeps/tyqr5p8k","- type: filter.gene
  target: FilterGenesScanpyOrder
  params:
    order:
    - min_counts
    - min_cells
    - max_counts
    - max_cells
    min_counts: 0.01
    max_counts: 0.99
    min_cells: 0.01
    max_cells: 0.99
- type: normalize
  target: NormalizeTotal
  params: {}
- type: filter.gene
  target: FilterGenesNumberPlaceHolder
  params: {}
- type: feature.cell
  target: SCNFeature
- type: misc
  target: SetConfig
  params:
    config_dict:
      feature_channel: SCNFeature
      label_channel: cell_type
",0.482566248256625,all_total_runs:78|all_finished_runs:74|step2_total_runs:18|step2_finished_runs:15|step3_0_total_runs:20|step3_0_finished_runs:19|step3_1_total_runs:20|step3_1_finished_runs:20|step3_2_total_runs:20|step3_2_finished_runs:20|finished_rate:94.87%,False,"- type: filter.gene
  target: FilterGenesScanpyOrder
  params:
    order:
    - min_counts
    - min_cells
    - max_counts
    - max_cells
    min_counts: 0.01
    max_counts: 0.99
    min_cells: 0.01
    max_cells: 0.99
- type: normalize
  target: NormalizeTotal
  params: {}
- type: filter.gene
  target: FilterGenesNumberPlaceHolder
  params: {}
- type: feature.cell
  target: SCNFeature
- type: misc
  target: SetConfig
  params:
    config_dict:
      feature_channel: SCNFeature
      label_channel: cell_type
",0.482566248256625,human,Brain,3581,train,train_human_Brain774c18c5-efa1-4dc5-9e5e-2c824bab2e34_data.h5ad,https://www.dropbox.com/scl/fi/6jvi5wnl28u4dw6notnpo/human_Brain774c18c5-efa1-4dc5-9e5e-2c824bab2e34_data.h5ad?rlkey=5cmvurxmnv9u2gmigw5cc250s&st=id2kc01n&dl=1,774c18c5-efa1-4dc5-9e5e-2c824bab2e34
3d044b52-140a-4528-bf0d-a2dbef9e1f40_Brain,15.0,1318.0,4339.0,4.0,1437956.0,1318.0,"['capillary endothelial cell', 'endothelial cell of artery', 'mural cell', 'vascular associated smooth muscle cell']",['normal'],Brain,,,,"[""10x 3' v3""]",,3d044b52-140a-4528-bf0d-a2dbef9e1f40,0.0,"step2:https://wandb.ai/xzy11632/dance-dev/sweeps/7z6t253k|step3:https://wandb.ai/xzy11632/dance-dev/sweeps/ph03jcti,https://wandb.ai/xzy11632/dance-dev/sweeps/dvezlb65,https://wandb.ai/xzy11632/dance-dev/sweeps/c3hlxrpc","- type: filter.gene
  target: FilterGenesScanpyOrder
  params:
    order:
    - min_counts
    - min_cells
    - max_counts
    - max_cells
    min_counts: 0.01
    max_counts: 0.99
    min_cells: 0.01
    max_cells: 0.99
- type: normalize
  target: ScaleFeature
  params: {}
- type: filter.gene
  target: HighlyVariableGenesRawCount
  params:
    n_top_genes: 3000
- type: feature.cell
  params:
    out: feature.cell
    log_level: INFO
    split_name: train
  target: WeightedFeatureSVD
- type: misc
  target: SetConfig
  params:
    config_dict:
      feature_channel: feature.cell
      label_channel: cell_type
",0.390151500701904,all_total_runs:168|all_finished_runs:166|step2_total_runs:108|step2_finished_runs:106|step3_0_total_runs:20|step3_0_finished_runs:20|step3_1_total_runs:20|step3_1_finished_runs:20|step3_2_total_runs:20|step3_2_finished_runs:20|finished_rate:98.81%,False,"- type: filter.gene
  target: FilterGenesScanpyOrder
  params:
    order:
    - min_counts
    - min_cells
    - max_counts
    - max_cells
    min_counts: 0.01
    max_counts: 0.99
    min_cells: 0.01
    max_cells: 0.99
- type: normalize
  target: ScaleFeature
  params: {}
- type: filter.gene
  target: HighlyVariableGenesRawCount
  params:
    n_top_genes: 3000
- type: feature.cell
  params:
    out: feature.cell
    log_level: INFO
    split_name: train
  target: WeightedFeatureSVD
- type: misc
  target: SetConfig
  params:
    config_dict:
      feature_channel: feature.cell
      label_channel: cell_type
",0.390151500701904,"step2:https://wandb.ai/xzy11632/dance-dev/sweeps/3nt6a3im|step3:https://wandb.ai/xzy11632/dance-dev/sweeps/9l6smatg,https://wandb.ai/xzy11632/dance-dev/sweeps/ndrc4wx0,https://wandb.ai/xzy11632/dance-dev/sweeps/2ox5nue8","- type: filter.gene
  target: FilterGenesPercentile
  params: {}
- type: normalize
  target: ScTransform
  params:
    processes_num: 8
- type: filter.gene
  target: HighlyVariableGenesRawCount
  params:
    n_top_genes: 3000
- type: feature.cell
  params:
    out: feature.cell
    log_level: INFO
    split_name: train
  target: WeightedFeaturePCA
- type: misc
  target: SetConfig
  params:
    config_dict:
      feature_channel: feature.cell
      label_channel: cell_type
",0.439393937587738,all_total_runs:150|all_finished_runs:116|step2_total_runs:90|step2_finished_runs:78|step3_0_total_runs:20|step3_0_finished_runs:0|step3_1_total_runs:20|step3_1_finished_runs:18|step3_2_total_runs:20|step3_2_finished_runs:20|finished_rate:77.33%,0.0,"- type: filter.gene
  target: FilterGenesPercentile
  params: {}
- type: normalize
  target: ScTransform
  params:
    processes_num: 8
- type: filter.gene
  target: HighlyVariableGenesRawCount
  params:
    n_top_genes: 3000
- type: feature.cell
  params:
    out: feature.cell
    log_level: INFO
    split_name: train
  target: WeightedFeaturePCA
- type: misc
  target: SetConfig
  params:
    config_dict:
      feature_channel: feature.cell
      label_channel: cell_type
",0.439393937587738,"step2:https://wandb.ai/xzy11632/dance-dev/sweeps/voh55uo2|step3:https://wandb.ai/xzy11632/dance-dev/sweeps/30bd7ob7,https://wandb.ai/xzy11632/dance-dev/sweeps/4dprrov9,https://wandb.ai/xzy11632/dance-dev/sweeps/xdxjxvk3","- type: filter.gene
  target: FilterGenesPlaceHolder
  params: {}
- type: normalize
  target: ScaleFeature
  params: {}
- type: filter.gene
  target: FilterGenesRegression
  params:
    num_genes: 3000
- type: feature.cell
  params:
    out: feature.cell
    log_level: INFO
    split_name: train
  target: WeightedFeaturePCA
- type: graph.cell
  target: CellFeatureGraph
  params:
    cell_feature_channel: feature.cell
- type: misc
  target: SetConfig
  params:
    config_dict:
      label_channel: cell_type
",0.443181812763214,all_total_runs:90|all_finished_runs:90|step2_total_runs:30|step2_finished_runs:30|step3_0_total_runs:20|step3_0_finished_runs:20|step3_1_total_runs:20|step3_1_finished_runs:20|step3_2_total_runs:20|step3_2_finished_runs:20|finished_rate:100.00%,False,"- type: filter.gene
  target: FilterGenesPlaceHolder
  params: {}
- type: normalize
  target: ScaleFeature
  params: {}
- type: filter.gene
  target: FilterGenesRegression
  params:
    num_genes: 3000
- type: feature.cell
  params:
    out: feature.cell
    log_level: INFO
    split_name: train
  target: WeightedFeaturePCA
- type: graph.cell
  target: CellFeatureGraph
  params:
    cell_feature_channel: feature.cell
- type: misc
  target: SetConfig
  params:
    config_dict:
      label_channel: cell_type
",0.443181812763214,"step2:https://wandb.ai/xzy11632/dance-dev/sweeps/y5u6fek7|step3:https://wandb.ai/xzy11632/dance-dev/sweeps/319d57nd,https://wandb.ai/xzy11632/dance-dev/sweeps/lfn2kdok,https://wandb.ai/xzy11632/dance-dev/sweeps/8pv3tmsk","- type: filter.gene
  target: FilterGenesPercentile
  params: {}
- type: normalize
  target: Log1P
  params: {}
- type: filter.gene
  target: FilterGenesNumberPlaceHolder
  params: {}
- type: feature.cell
  target: SCNFeature
- type: misc
  target: SetConfig
  params:
    config_dict:
      feature_channel: SCNFeature
      label_channel: cell_type
",0.40530303030303,all_total_runs:78|all_finished_runs:9|step2_total_runs:18|step2_finished_runs:6|step3_0_total_runs:20|step3_0_finished_runs:2|step3_1_total_runs:20|step3_1_finished_runs:1|step3_2_total_runs:20|step3_2_finished_runs:0|finished_rate:11.54%,True,"- type: filter.gene
  target: FilterGenesPercentile
  params: {}
- type: normalize
  target: Log1P
  params: {}
- type: filter.gene
  target: FilterGenesNumberPlaceHolder
  params: {}
- type: feature.cell
  target: SCNFeature
- type: misc
  target: SetConfig
  params:
    config_dict:
      feature_channel: SCNFeature
      label_channel: cell_type
",0.40530303030303,human,Brain,1318,train,train_human_Brain3d044b52-140a-4528-bf0d-a2dbef9e1f40_data.h5ad,https://www.dropbox.com/scl/fi/ocowzkh5d6jlo7stam48h/human_Brain3d044b52-140a-4528-bf0d-a2dbef9e1f40_data.h5ad?rlkey=rjkcpggc3btgsti8sx0tychif&st=z79g3sv1&dl=1,3d044b52-140a-4528-bf0d-a2dbef9e1f40
f6d9f2ad-5ec7-4d53-b7f0-ceb0e7bcd181_Brain,16.0,6877.0,14810.0,10.0,18920085.0,6877.0,"['astrocyte', 'central nervous system macrophage', 'endothelial cell', 'fibroblast', 'leukocyte', 'neuron', 'oligodendrocyte', 'oligodendrocyte precursor cell', 'pericyte', 'vascular associated smooth muscle cell']",['normal'],Brain,,,,"[""10x 3' v3""]",,f6d9f2ad-5ec7-4d53-b7f0-ceb0e7bcd181,0.0,step2:https://wandb.ai/xzy11632/dance-dev/sweeps/89zvs0ji|step3:,"- type: filter.gene
  target: FilterGenesScanpyOrder
  params:
    order:
    - min_counts
    - min_cells
    - max_counts
    - max_cells
    min_counts: 0.01
    max_counts: 0.99
    min_cells: 0.01
    max_cells: 0.99
- type: normalize
  target: NormalizePlaceHolder
  params: {}
- type: filter.gene
  target: FilterGenesRegression
  params:
    num_genes: 3000
- type: feature.cell
  params:
    out: feature.cell
    log_level: INFO
    split_name: train
  target: WeightedFeaturePCA
- type: misc
  target: SetConfig
  params:
    config_dict:
      feature_channel: feature.cell
      label_channel: cell_type
",0.525436043739319,all_total_runs:108|all_finished_runs:108|step2_total_runs:108|step2_finished_runs:108|finished_rate:100.00%,False,"- type: filter.gene
  target: FilterGenesScanpyOrder
  params:
    order:
    - min_counts
    - min_cells
    - max_counts
    - max_cells
    min_counts: 0.01
    max_counts: 0.99
    min_cells: 0.01
    max_cells: 0.99
- type: normalize
  target: NormalizePlaceHolder
  params: {}
- type: filter.gene
  target: FilterGenesRegression
  params:
    num_genes: 3000
- type: feature.cell
  params:
    out: feature.cell
    log_level: INFO
    split_name: train
  target: WeightedFeaturePCA
- type: misc
  target: SetConfig
  params:
    config_dict:
      feature_channel: feature.cell
      label_channel: cell_type
",0.525436043739319,"step2:https://wandb.ai/xzy11632/dance-dev/sweeps/vr2bvjcx|step3:https://wandb.ai/xzy11632/dance-dev/sweeps/im8upf8o,https://wandb.ai/xzy11632/dance-dev/sweeps/vxj6dinn,https://wandb.ai/xzy11632/dance-dev/sweeps/xbzwqw2s","- type: filter.gene
  target: FilterGenesScanpyOrder
  params:
    order:
    - max_cells
    - min_counts
    - max_counts
    - min_cells
    min_counts: 349
    min_cells: 0.09379844052834012
    max_counts: 0.9654711523697236
    max_cells: 0.9540022894498408
- type: normalize
  target: NormalizeTotalLog1P
  params:
    base: 9.526180557745182
    target_sum: 100000
    max_fraction: 0.01
- type: filter.gene
  target: FilterGenesRegression
  params:
    method: scmap
    num_genes: 3995
- type: feature.cell
  target: FeatureCellPlaceHolder
  params:
    out: feature.cell
    log_level: INFO
- type: misc
  target: SetConfig
  params:
    config_dict:
      feature_channel: feature.cell
      label_channel: cell_type
",0.514534890651703,all_total_runs:133|all_finished_runs:121|step2_total_runs:90|step2_finished_runs:85|step3_0_total_runs:20|step3_0_finished_runs:19|step3_1_total_runs:20|step3_1_finished_runs:17|step3_2_total_runs:3|step3_2_finished_runs:0|finished_rate:90.98%,0.0,"- type: filter.gene
  target: FilterGenesPlaceHolder
  params: {}
- type: normalize
  target: ScaleFeature
  params: {}
- type: filter.gene
  target: HighlyVariableGenesLogarithmizedByTopGenes
  params:
    n_top_genes: 3000
- type: feature.cell
  params:
    out: feature.cell
    log_level: INFO
  target: FeatureCellPlaceHolder
- type: misc
  target: SetConfig
  params:
    config_dict:
      feature_channel: feature.cell
      label_channel: cell_type
",0.51308137178421,"step2:https://wandb.ai/xzy11632/dance-dev/sweeps/n9wucw24|step3:https://wandb.ai/xzy11632/dance-dev/sweeps/u9st1267,https://wandb.ai/xzy11632/dance-dev/sweeps/lphkyy58,https://wandb.ai/xzy11632/dance-dev/sweeps/0ifgym00","- type: filter.gene
  target: FilterGenesScanpyOrder
  params:
    order:
    - min_counts
    - min_cells
    - max_counts
    - max_cells
    min_counts: 0.01
    max_counts: 0.99
    min_cells: 0.01
    max_cells: 0.99
- type: normalize
  target: NormalizeTotal
  params: {}
- type: filter.gene
  target: FilterGenesTopK
  params:
    num_genes: 3000
- type: feature.cell
  params:
    out: feature.cell
    log_level: INFO
    split_name: train
  target: WeightedFeatureSVD
- type: graph.cell
  target: CellFeatureGraph
  params:
    cell_feature_channel: feature.cell
- type: misc
  target: SetConfig
  params:
    config_dict:
      label_channel: cell_type
",0.51308137178421,all_total_runs:90|all_finished_runs:81|step2_total_runs:30|step2_finished_runs:24|step3_0_total_runs:20|step3_0_finished_runs:19|step3_1_total_runs:20|step3_1_finished_runs:18|step3_2_total_runs:20|step3_2_finished_runs:20|finished_rate:90.00%,False,"- type: filter.gene
  target: FilterGenesScanpyOrder
  params:
    order:
    - min_counts
    - min_cells
    - max_counts
    - max_cells
    min_counts: 0.01
    max_counts: 0.99
    min_cells: 0.01
    max_cells: 0.99
- type: normalize
  target: NormalizeTotal
  params: {}
- type: filter.gene
  target: FilterGenesTopK
  params:
    num_genes: 3000
- type: feature.cell
  params:
    out: feature.cell
    log_level: INFO
    split_name: train
  target: WeightedFeatureSVD
- type: graph.cell
  target: CellFeatureGraph
  params:
    cell_feature_channel: feature.cell
- type: misc
  target: SetConfig
  params:
    config_dict:
      label_channel: cell_type
",0.51308137178421,"step2:https://wandb.ai/xzy11632/dance-dev/sweeps/lca6yib1|step3:https://wandb.ai/xzy11632/dance-dev/sweeps/7vqqhox1,https://wandb.ai/xzy11632/dance-dev/sweeps/t1vvvaat,https://wandb.ai/xzy11632/dance-dev/sweeps/tb02lnzr","- type: filter.gene
  target: FilterGenesPlaceHolder
- type: normalize
  target: ScaleFeature
  params:
    mode: l2
    eps: 0.1
- type: filter.gene
  target: FilterGenesRegression
  params:
    method: enclasc
    num_genes: 4781
- type: feature.cell
  target: SCNFeature
- type: misc
  target: SetConfig
  params:
    config_dict:
      feature_channel: SCNFeature
      label_channel: cell_type
",0.518168604651163,all_total_runs:78|all_finished_runs:44|step2_total_runs:18|step2_finished_runs:11|step3_0_total_runs:20|step3_0_finished_runs:11|step3_1_total_runs:20|step3_1_finished_runs:7|step3_2_total_runs:20|step3_2_finished_runs:15|finished_rate:56.41%,True,"- type: filter.gene
  target: FilterGenesScanpyOrder
  params:
    order:
    - min_counts
    - min_cells
    - max_counts
    - max_cells
    min_counts: 0.01
    max_counts: 0.99
    min_cells: 0.01
    max_cells: 0.99
- type: normalize
  target: NormalizeTotal
  params: {}
- type: filter.gene
  target: HighlyVariableGenesRawCount
  params:
    n_top_genes: 3000
- type: feature.cell
  target: SCNFeature
- type: misc
  target: SetConfig
  params:
    config_dict:
      feature_channel: SCNFeature
      label_channel: cell_type
",0.515988372093023,human,Brain,6877,train,train_human_Brainf6d9f2ad-5ec7-4d53-b7f0-ceb0e7bcd181_data.h5ad,https://www.dropbox.com/scl/fi/jem4d9yaa7ovg4ahhxken/human_Brainf6d9f2ad-5ec7-4d53-b7f0-ceb0e7bcd181_data.h5ad?rlkey=xjzehuoucxjamouyw7tfyo54h&st=0ti1j2kq&dl=1,f6d9f2ad-5ec7-4d53-b7f0-ceb0e7bcd181
f64e1be1-de15-4d27-8da4-82225cd4c035_Brain,17.0,5070.0,4834.0,6.0,3703025.0,5070.0,"['B cell', 'T cell', 'mast cell', 'myeloid cell', 'natural killer cell', 'plasma cell']",['lung adenocarcinoma'],Brain,,,,"[""10x 3' v2""]",,f64e1be1-de15-4d27-8da4-82225cd4c035,0.0,step2:https://wandb.ai/xzy11632/dance-dev/sweeps/413hzezl|step3:,"- type: filter.gene
  target: FilterGenesPercentile
  params: {}
- type: normalize
  target: NormalizeTotalLog1P
  params: {}
- type: filter.gene
  target: HighlyVariableGenesLogarithmizedByMeanAndDisp
  params: {}
- type: feature.cell
  params:
    out: feature.cell
    log_level: INFO
    split_name: train
  target: WeightedFeaturePCA
- type: misc
  target: SetConfig
  params:
    config_dict:
      feature_channel: feature.cell
      label_channel: cell_type
",0.682445764541626,all_total_runs:108|all_finished_runs:108|step2_total_runs:108|step2_finished_runs:108|finished_rate:100.00%,False,"- type: filter.gene
  target: FilterGenesPercentile
  params: {}
- type: normalize
  target: NormalizeTotalLog1P
  params: {}
- type: filter.gene
  target: HighlyVariableGenesLogarithmizedByMeanAndDisp
  params: {}
- type: feature.cell
  params:
    out: feature.cell
    log_level: INFO
    split_name: train
  target: WeightedFeaturePCA
- type: misc
  target: SetConfig
  params:
    config_dict:
      feature_channel: feature.cell
      label_channel: cell_type
",0.682445764541626,"step2:https://wandb.ai/xzy11632/dance-dev/sweeps/faetwj3i|step3:https://wandb.ai/xzy11632/dance-dev/sweeps/le11v2hl,https://wandb.ai/xzy11632/dance-dev/sweeps/jmautpo4,https://wandb.ai/xzy11632/dance-dev/sweeps/09qxd8nt","- type: filter.gene
  target: FilterGenesPlaceHolder
  params: {}
- type: normalize
  target: NormalizePlaceHolder
  params: {}
- type: filter.gene
  target: FilterGenesTopK
  params:
    num_genes: 3000
- type: feature.cell
  params:
    out: feature.cell
    log_level: INFO
  target: GaussRandProjFeature
- type: misc
  target: SetConfig
  params:
    config_dict:
      feature_channel: feature.cell
      label_channel: cell_type
",0.64891517162323,all_total_runs:150|all_finished_runs:120|step2_total_runs:90|step2_finished_runs:81|step3_0_total_runs:20|step3_0_finished_runs:19|step3_1_total_runs:20|step3_1_finished_runs:0|step3_2_total_runs:20|step3_2_finished_runs:20|finished_rate:80.00%,0.0,"- type: filter.gene
  target: FilterGenesPlaceHolder
  params: {}
- type: normalize
  target: NormalizePlaceHolder
  params: {}
- type: filter.gene
  target: FilterGenesTopK
  params:
    num_genes: 3000
- type: feature.cell
  params:
    out: feature.cell
    log_level: INFO
  target: GaussRandProjFeature
- type: misc
  target: SetConfig
  params:
    config_dict:
      feature_channel: feature.cell
      label_channel: cell_type
",0.64891517162323,"step2:https://wandb.ai/xzy11632/dance-dev/sweeps/6u1yylnc|step3:https://wandb.ai/xzy11632/dance-dev/sweeps/rwi93tpx,https://wandb.ai/xzy11632/dance-dev/sweeps/axw7wuom,https://wandb.ai/xzy11632/dance-dev/sweeps/f22547th","- type: filter.gene
  target: FilterGenesPlaceHolder
  params: {}
- type: normalize
  target: ScTransform
  params:
    processes_num: 8
- type: filter.gene
  target: FilterGenesTopK
  params:
    num_genes: 3000
- type: feature.cell
  params:
    out: feature.cell
    log_level: INFO
    split_name: train
  target: WeightedFeatureSVD
- type: graph.cell
  target: CellFeatureGraph
  params:
    cell_feature_channel: feature.cell
- type: misc
  target: SetConfig
  params:
    config_dict:
      label_channel: cell_type
",0.663708090782166,all_total_runs:90|all_finished_runs:79|step2_total_runs:30|step2_finished_runs:26|step3_0_total_runs:20|step3_0_finished_runs:15|step3_1_total_runs:20|step3_1_finished_runs:20|step3_2_total_runs:20|step3_2_finished_runs:18|finished_rate:87.78%,False,"- type: filter.gene
  target: FilterGenesPlaceHolder
  params: {}
- type: normalize
  target: ScTransform
  params:
    processes_num: 8
- type: filter.gene
  target: FilterGenesTopK
  params:
    num_genes: 3000
- type: feature.cell
  params:
    out: feature.cell
    log_level: INFO
    split_name: train
  target: WeightedFeatureSVD
- type: graph.cell
  target: CellFeatureGraph
  params:
    cell_feature_channel: feature.cell
- type: misc
  target: SetConfig
  params:
    config_dict:
      label_channel: cell_type
",0.663708090782166,"step2:https://wandb.ai/xzy11632/dance-dev/sweeps/54qgphuq|step3:https://wandb.ai/xzy11632/dance-dev/sweeps/l183o4pk,https://wandb.ai/xzy11632/dance-dev/sweeps/8bfqutnx,https://wandb.ai/xzy11632/dance-dev/sweeps/iwywdfzl","- type: filter.gene
  target: FilterGenesPercentile
  params: {}
- type: normalize
  target: ScTransform
  params:
    processes_num: 8
- type: filter.gene
  target: HighlyVariableGenesLogarithmizedByMeanAndDisp
  params: {}
- type: feature.cell
  target: SCNFeature
- type: misc
  target: SetConfig
  params:
    config_dict:
      feature_channel: SCNFeature
      label_channel: cell_type
",0.661735700197239,all_total_runs:78|all_finished_runs:13|step2_total_runs:18|step2_finished_runs:9|step3_0_total_runs:20|step3_0_finished_runs:2|step3_1_total_runs:20|step3_1_finished_runs:1|step3_2_total_runs:20|step3_2_finished_runs:1|finished_rate:16.67%,True,"- type: filter.gene
  target: FilterGenesPercentile
  params: {}
- type: normalize
  target: ScTransform
  params:
    processes_num: 8
- type: filter.gene
  target: HighlyVariableGenesLogarithmizedByMeanAndDisp
  params: {}
- type: feature.cell
  target: SCNFeature
- type: misc
  target: SetConfig
  params:
    config_dict:
      feature_channel: SCNFeature
      label_channel: cell_type
",0.661735700197239,human,Brain,5070,train,train_human_Brainf64e1be1-de15-4d27-8da4-82225cd4c035_data.h5ad,https://www.dropbox.com/scl/fi/xutjy05pxtqlt2nyk35kp/human_Brainf64e1be1-de15-4d27-8da4-82225cd4c035_data.h5ad?rlkey=34ahhk9g9cxrugt8canfmfl3u&st=ia53zjuo&dl=1,f64e1be1-de15-4d27-8da4-82225cd4c035
572f3f3e-d3e4-4d13-8e2b-88215e508481_Heart,0.0,10000.0,18432.0,8.0,10432272.0,195395.0,"['capillary endothelial cell', 'endothelial cell', 'endothelial cell of artery', 'endothelial cell of lymphatic vessel', 'mesothelial cell', 'pericyte', 'smooth muscle cell', 'vein endothelial cell']",['normal'],Heart,10000.0,"['capillary endothelial cell', 'endothelial cell', 'endothelial cell of artery', 'endothelial cell of lymphatic vessel', 'mesothelial cell', 'pericyte', 'smooth muscle cell', 'vein endothelial cell']",['normal'],"[""10x 3' v2"", ""10x 3' v3""]","[""10x 3' v2"", ""10x 3' v3""]",572f3f3e-d3e4-4d13-8e2b-88215e508481,0.0,"step2:https://wandb.ai/xzy11632/dance-dev/sweeps/dfjavj02|step3:https://wandb.ai/xzy11632/dance-dev/sweeps/fgfbcvjc,https://wandb.ai/xzy11632/dance-dev/sweeps/k6392qzj,https://wandb.ai/xzy11632/dance-dev/sweeps/pbn6naky","- type: filter.gene
  target: FilterGenesPercentile
  params:
    min_val: 5
    max_val: 97
    mode: var
- type: normalize
  target: NormalizeTotalLog1P
  params:
    base: 6.489794302254558
    target_sum: 10000
    max_fraction: 0.05
- type: filter.gene
  target: FilterGenesNumberPlaceHolder
- type: feature.cell
  target: WeightedFeaturePCA
  params:
    out: feature.cell
    log_level: INFO
    n_components: 568
    feat_norm_mode: null
- type: misc
  target: SetConfig
  params:
    config_dict:
      feature_channel: feature.cell
      label_channel: cell_type
",0.39750000834465,all_total_runs:168|all_finished_runs:167|step2_total_runs:108|step2_finished_runs:107|step3_0_total_runs:20|step3_0_finished_runs:20|step3_1_total_runs:20|step3_1_finished_runs:20|step3_2_total_runs:20|step3_2_finished_runs:20|finished_rate:99.40%,False,"- type: filter.gene
  target: FilterGenesPercentile
  params: {}
- type: normalize
  target: Log1P
  params: {}
- type: filter.gene
  target: FilterGenesNumberPlaceHolder
  params: {}
- type: feature.cell
  params:
    out: feature.cell
    log_level: INFO
    split_name: train
  target: WeightedFeatureSVD
- type: misc
  target: SetConfig
  params:
    config_dict:
      feature_channel: feature.cell
      label_channel: cell_type
",0.394499987363815,"step2:https://wandb.ai/xzy11632/dance-dev/sweeps/qydwe1x1|step3:https://wandb.ai/xzy11632/dance-dev/sweeps/cf4ru4y3,https://wandb.ai/xzy11632/dance-dev/sweeps/zumgfp8m,https://wandb.ai/xzy11632/dance-dev/sweeps/3fypcvy4","- type: filter.gene
  target: FilterGenesPercentile
  params: {}
- type: normalize
  target: ScaleFeature
  params: {}
- type: filter.gene
  target: HighlyVariableGenesLogarithmizedByTopGenes
  params:
    n_top_genes: 3000
- type: feature.cell
  params:
    out: feature.cell
    log_level: INFO
    split_name: train
  target: WeightedFeaturePCA
- type: misc
  target: SetConfig
  params:
    config_dict:
      feature_channel: feature.cell
      label_channel: cell_type
",0.342000007629394,all_total_runs:150|all_finished_runs:52|step2_total_runs:90|step2_finished_runs:51|step3_0_total_runs:20|step3_0_finished_runs:1|step3_1_total_runs:20|step3_1_finished_runs:0|step3_2_total_runs:20|step3_2_finished_runs:0|finished_rate:34.67%,1.0,"- type: filter.gene
  target: FilterGenesPercentile
  params: {}
- type: normalize
  target: ScaleFeature
  params: {}
- type: filter.gene
  target: HighlyVariableGenesLogarithmizedByTopGenes
  params:
    n_top_genes: 3000
- type: feature.cell
  params:
    out: feature.cell
    log_level: INFO
    split_name: train
  target: WeightedFeaturePCA
- type: misc
  target: SetConfig
  params:
    config_dict:
      feature_channel: feature.cell
      label_channel: cell_type
",0.342000007629394,"step2:https://wandb.ai/xzy11632/dance-dev/sweeps/c3c3pyyw|step3:https://wandb.ai/xzy11632/dance-dev/sweeps/ho2nw1oy,https://wandb.ai/xzy11632/dance-dev/sweeps/ur2jszme,https://wandb.ai/xzy11632/dance-dev/sweeps/5b96ir6g","- type: filter.gene
  target: FilterGenesPlaceHolder
  params: {}
- type: normalize
  target: ScaleFeature
  params: {}
- type: filter.gene
  target: FilterGenesTopK
  params:
    num_genes: 3000
- type: feature.cell
  params:
    out: feature.cell
    log_level: INFO
    split_name: train
  target: WeightedFeaturePCA
- type: graph.cell
  target: CellFeatureGraph
  params:
    cell_feature_channel: feature.cell
- type: misc
  target: SetConfig
  params:
    config_dict:
      label_channel: cell_type
",0.399500012397766,all_total_runs:90|all_finished_runs:83|step2_total_runs:30|step2_finished_runs:30|step3_0_total_runs:20|step3_0_finished_runs:20|step3_1_total_runs:20|step3_1_finished_runs:14|step3_2_total_runs:20|step3_2_finished_runs:19|finished_rate:92.22%,False,"- type: filter.gene
  target: FilterGenesPlaceHolder
  params: {}
- type: normalize
  target: ScaleFeature
  params: {}
- type: filter.gene
  target: FilterGenesTopK
  params:
    num_genes: 3000
- type: feature.cell
  params:
    out: feature.cell
    log_level: INFO
    split_name: train
  target: WeightedFeaturePCA
- type: graph.cell
  target: CellFeatureGraph
  params:
    cell_feature_channel: feature.cell
- type: misc
  target: SetConfig
  params:
    config_dict:
      label_channel: cell_type
",0.399500012397766,"step2:https://wandb.ai/xzy11632/dance-dev/sweeps/cncron17|step3:https://wandb.ai/xzy11632/dance-dev/sweeps/p0s2qidr,https://wandb.ai/xzy11632/dance-dev/sweeps/jw4tyqmd,https://wandb.ai/xzy11632/dance-dev/sweeps/z5g020wi","- type: filter.gene
  target: FilterGenesScanpyOrder
  params:
    order:
    - max_cells
    - max_counts
    - min_counts
    - min_cells
    min_counts: 76
    min_cells: 0.09368451774573404
    max_counts: 0.986511978409962
    max_cells: 0.9809504606411612
- type: normalize
  target: NormalizeTotalLog1P
  params:
    base: 4.852251941434311
    target_sum: 10000
    max_fraction: 0.5
- type: filter.gene
  target: HighlyVariableGenesRawCount
  params:
    n_top_genes: 8111
    span: 0.5317231573312038
- type: feature.cell
  target: SCNFeature
- type: misc
  target: SetConfig
  params:
    config_dict:
      feature_channel: SCNFeature
      label_channel: cell_type
",0.382,all_total_runs:78|all_finished_runs:74|step2_total_runs:18|step2_finished_runs:14|step3_0_total_runs:20|step3_0_finished_runs:20|step3_1_total_runs:20|step3_1_finished_runs:20|step3_2_total_runs:20|step3_2_finished_runs:20|finished_rate:94.87%,False,"- type: filter.gene
  target: FilterGenesPercentile
  params: {}
- type: normalize
  target: ScTransform
  params:
    processes_num: 8
- type: filter.gene
  target: HighlyVariableGenesLogarithmizedByMeanAndDisp
  params: {}
- type: feature.cell
  target: SCNFeature
- type: misc
  target: SetConfig
  params:
    config_dict:
      feature_channel: SCNFeature
      label_channel: cell_type
",0.367,human,Heart,10000,train,train_human_Heart572f3f3e-d3e4-4d13-8e2b-88215e508481_data.h5ad,https://www.dropbox.com/scl/fi/rjv6hv7f14exz1lbh2n9m/human_Heart572f3f3e-d3e4-4d13-8e2b-88215e508481_data.h5ad?rlkey=fszfqswjpe9aspm30x1js05sb&st=35ij2wom&dl=1,572f3f3e-d3e4-4d13-8e2b-88215e508481
fa27492b-82ff-4ab7-ac61-0e2b184eee67_Heart,1.0,10000.0,8128.0,16.0,3570986.0,20795.0,"['Schwann cell', 'cardiac muscle cell', 'dermis microvascular lymphatic vessel endothelial cell', 'endocardial cell', 'endothelial cell of lymphatic vessel', 'endothelial cell of vascular tree', 'epicardial adipocyte', 'erythroblast', 'innate lymphoid cell', 'megakaryocyte', 'myeloid cell', 'regular atrial cardiac myocyte', 'smooth muscle cell', 'stromal cell', 'ventricular cardiac muscle cell', 'visceromotor neuron']",['normal'],Heart,10000.0,"['Schwann cell', 'cardiac muscle cell', 'dermis microvascular lymphatic vessel endothelial cell', 'endocardial cell', 'endothelial cell of lymphatic vessel', 'endothelial cell of vascular tree', 'epicardial adipocyte', 'erythroblast', 'innate lymphoid cell', 'megakaryocyte', 'myeloid cell', 'regular atrial cardiac myocyte', 'smooth muscle cell', 'stromal cell', 'ventricular cardiac muscle cell', 'visceromotor neuron']",['normal'],['sci-RNA-seq'],['sci-RNA-seq'],fa27492b-82ff-4ab7-ac61-0e2b184eee67,0.0,"step2:https://wandb.ai/xzy11632/dance-dev/sweeps/ev03pexi|step3:https://wandb.ai/xzy11632/dance-dev/sweeps/dp5hdq7x,https://wandb.ai/xzy11632/dance-dev/sweeps/im8kw62b,https://wandb.ai/xzy11632/dance-dev/sweeps/d87m78g3","- type: filter.gene
  target: FilterGenesScanpyOrder
  params:
    order:
    - min_counts
    - min_cells
    - max_counts
    - max_cells
    min_counts: 0.01
    max_counts: 0.99
    min_cells: 0.01
    max_cells: 0.99
- type: normalize
  target: NormalizeTotalLog1P
  params: {}
- type: filter.gene
  target: FilterGenesRegression
  params:
    num_genes: 3000
- type: feature.cell
  params:
    out: feature.cell
    log_level: INFO
  target: CellSVD
- type: misc
  target: SetConfig
  params:
    config_dict:
      feature_channel: feature.cell
      label_channel: cell_type
",0.672999978065491,all_total_runs:168|all_finished_runs:166|step2_total_runs:108|step2_finished_runs:108|step3_0_total_runs:20|step3_0_finished_runs:19|step3_1_total_runs:20|step3_1_finished_runs:19|step3_2_total_runs:20|step3_2_finished_runs:20|finished_rate:98.81%,False,"- type: filter.gene
  target: FilterGenesScanpyOrder
  params:
    order:
    - min_counts
    - min_cells
    - max_counts
    - max_cells
    min_counts: 0.01
    max_counts: 0.99
    min_cells: 0.01
    max_cells: 0.99
- type: normalize
  target: NormalizeTotalLog1P
  params: {}
- type: filter.gene
  target: FilterGenesRegression
  params:
    num_genes: 3000
- type: feature.cell
  params:
    out: feature.cell
    log_level: INFO
  target: CellSVD
- type: misc
  target: SetConfig
  params:
    config_dict:
      feature_channel: feature.cell
      label_channel: cell_type
",0.672999978065491,"step2:https://wandb.ai/xzy11632/dance-dev/sweeps/kazuiqfk|step3:https://wandb.ai/xzy11632/dance-dev/sweeps/nguw9e55,https://wandb.ai/xzy11632/dance-dev/sweeps/64m3m8r5,https://wandb.ai/xzy11632/dance-dev/sweeps/30yzhtir","- type: filter.gene
  target: FilterGenesScanpyOrder
  params:
    order:
    - min_counts
    - min_cells
    - max_counts
    - max_cells
    min_counts: 0.01
    max_counts: 0.99
    min_cells: 0.01
    max_cells: 0.99
- type: normalize
  target: ScTransform
  params:
    processes_num: 8
- type: filter.gene
  target: FilterGenesTopK
  params:
    num_genes: 3000
- type: feature.cell
  params:
    out: feature.cell
    log_level: INFO
    split_name: train
  target: WeightedFeatureSVD
- type: misc
  target: SetConfig
  params:
    config_dict:
      feature_channel: feature.cell
      label_channel: cell_type
",0.665499985218048,all_total_runs:116|all_finished_runs:52|step2_total_runs:90|step2_finished_runs:52|step3_0_total_runs:20|step3_0_finished_runs:0|step3_1_total_runs:3|step3_1_finished_runs:0|step3_2_total_runs:3|step3_2_finished_runs:0|finished_rate:44.83%,1.0,"- type: filter.gene
  target: FilterGenesScanpyOrder
  params:
    order:
    - min_counts
    - min_cells
    - max_counts
    - max_cells
    min_counts: 0.01
    max_counts: 0.99
    min_cells: 0.01
    max_cells: 0.99
- type: normalize
  target: ScTransform
  params:
    processes_num: 8
- type: filter.gene
  target: FilterGenesTopK
  params:
    num_genes: 3000
- type: feature.cell
  params:
    out: feature.cell
    log_level: INFO
    split_name: train
  target: WeightedFeatureSVD
- type: misc
  target: SetConfig
  params:
    config_dict:
      feature_channel: feature.cell
      label_channel: cell_type
",0.665499985218048,"step2:https://wandb.ai/xzy11632/dance-dev/sweeps/vfuh1cg6|step3:https://wandb.ai/xzy11632/dance-dev/sweeps/i5zbhxf1,https://wandb.ai/xzy11632/dance-dev/sweeps/aet52g87,https://wandb.ai/xzy11632/dance-dev/sweeps/qhci4g09","- type: filter.gene
  target: FilterGenesScanpyOrder
  params:
    order:
    - min_counts
    - min_cells
    - max_counts
    - max_cells
    min_counts: 0.01
    max_counts: 0.99
    min_cells: 0.01
    max_cells: 0.99
- type: normalize
  target: Log1P
  params: {}
- type: filter.gene
  target: HighlyVariableGenesLogarithmizedByMeanAndDisp
  params: {}
- type: feature.cell
  params:
    out: feature.cell
    log_level: INFO
    split_name: train
  target: WeightedFeatureSVD
- type: graph.cell
  target: CellFeatureGraph
  params:
    cell_feature_channel: feature.cell
- type: misc
  target: SetConfig
  params:
    config_dict:
      label_channel: cell_type
",0.677500009536743,all_total_runs:90|all_finished_runs:90|step2_total_runs:30|step2_finished_runs:30|step3_0_total_runs:20|step3_0_finished_runs:20|step3_1_total_runs:20|step3_1_finished_runs:20|step3_2_total_runs:20|step3_2_finished_runs:20|finished_rate:100.00%,False,"- type: filter.gene
  target: FilterGenesScanpyOrder
  params:
    order:
    - min_counts
    - min_cells
    - max_counts
    - max_cells
    min_counts: 0.01
    max_counts: 0.99
    min_cells: 0.01
    max_cells: 0.99
- type: normalize
  target: Log1P
  params: {}
- type: filter.gene
  target: HighlyVariableGenesLogarithmizedByMeanAndDisp
  params: {}
- type: feature.cell
  params:
    out: feature.cell
    log_level: INFO
    split_name: train
  target: WeightedFeatureSVD
- type: graph.cell
  target: CellFeatureGraph
  params:
    cell_feature_channel: feature.cell
- type: misc
  target: SetConfig
  params:
    config_dict:
      label_channel: cell_type
",0.677500009536743,"step2:https://wandb.ai/xzy11632/dance-dev/sweeps/54dzq0th|step3:https://wandb.ai/xzy11632/dance-dev/sweeps/fvyejajq,https://wandb.ai/xzy11632/dance-dev/sweeps/tcn4bo1i,https://wandb.ai/xzy11632/dance-dev/sweeps/1tlt2f1g","- type: filter.gene
  target: FilterGenesScanpyOrder
  params:
    order:
    - min_counts
    - min_cells
    - max_counts
    - max_cells
    min_counts: 0.01
    max_counts: 0.99
    min_cells: 0.01
    max_cells: 0.99
- type: normalize
  target: Log1P
  params: {}
- type: filter.gene
  target: HighlyVariableGenesLogarithmizedByTopGenes
  params:
    n_top_genes: 3000
- type: feature.cell
  target: SCNFeature
- type: misc
  target: SetConfig
  params:
    config_dict:
      feature_channel: SCNFeature
      label_channel: cell_type
",0.687,all_total_runs:78|all_finished_runs:75|step2_total_runs:18|step2_finished_runs:15|step3_0_total_runs:20|step3_0_finished_runs:20|step3_1_total_runs:20|step3_1_finished_runs:20|step3_2_total_runs:20|step3_2_finished_runs:20|finished_rate:96.15%,False,"- type: filter.gene
  target: FilterGenesScanpyOrder
  params:
    order:
    - min_counts
    - min_cells
    - max_counts
    - max_cells
    min_counts: 0.01
    max_counts: 0.99
    min_cells: 0.01
    max_cells: 0.99
- type: normalize
  target: Log1P
  params: {}
- type: filter.gene
  target: HighlyVariableGenesLogarithmizedByTopGenes
  params:
    n_top_genes: 3000
- type: feature.cell
  target: SCNFeature
- type: misc
  target: SetConfig
  params:
    config_dict:
      feature_channel: SCNFeature
      label_channel: cell_type
",0.687,human,Heart,10000,train,train_human_Heartfa27492b-82ff-4ab7-ac61-0e2b184eee67_data.h5ad,https://www.dropbox.com/scl/fi/kkgg4abyidaylwxkut2bx/human_Heartfa27492b-82ff-4ab7-ac61-0e2b184eee67_data.h5ad?rlkey=77wmk5knn1oenbffwxo9a6zkk&st=bxemfdf6&dl=1,fa27492b-82ff-4ab7-ac61-0e2b184eee67
f15e263b-6544-46cb-a46e-e33ab7ce8347_Heart,2.0,10000.0,13164.0,9.0,16134974.0,19722.0,"['cardiac endothelial cell', 'cardiac muscle myoblast', 'fibroblast of cardiac tissue', 'immature innate lymphoid cell', 'lymphoid lineage restricted progenitor cell', 'neuronal receptor cell', 'pericyte', 'smooth muscle myoblast', 'unknown']",['myocardial infarction'],Heart,10000.0,"['cardiac endothelial cell', 'cardiac muscle myoblast', 'fibroblast of cardiac tissue', 'immature innate lymphoid cell', 'lymphoid lineage restricted progenitor cell', 'neuronal receptor cell', 'pericyte', 'smooth muscle myoblast', 'unknown']",['myocardial infarction'],"[""10x 3' v3""]","[""10x 3' v3""]",f15e263b-6544-46cb-a46e-e33ab7ce8347,0.0,"step2:https://wandb.ai/xzy11632/dance-dev/sweeps/829kzs93|step3:https://wandb.ai/xzy11632/dance-dev/sweeps/bakm2rpa,https://wandb.ai/xzy11632/dance-dev/sweeps/5bm8v9o2,https://wandb.ai/xzy11632/dance-dev/sweeps/2912bl99","- type: filter.gene
  target: FilterGenesPercentile
  params: {}
- type: normalize
  target: NormalizeTotalLog1P
  params: {}
- type: filter.gene
  target: HighlyVariableGenesLogarithmizedByTopGenes
  params:
    n_top_genes: 3000
- type: feature.cell
  params:
    out: feature.cell
    log_level: INFO
    split_name: train
  target: WeightedFeatureSVD
- type: misc
  target: SetConfig
  params:
    config_dict:
      feature_channel: feature.cell
      label_channel: cell_type
",0.388999998569489,all_total_runs:168|all_finished_runs:164|step2_total_runs:108|step2_finished_runs:104|step3_0_total_runs:20|step3_0_finished_runs:20|step3_1_total_runs:20|step3_1_finished_runs:20|step3_2_total_runs:20|step3_2_finished_runs:20|finished_rate:97.62%,False,"- type: filter.gene
  target: FilterGenesPercentile
  params: {}
- type: normalize
  target: NormalizeTotalLog1P
  params: {}
- type: filter.gene
  target: HighlyVariableGenesLogarithmizedByTopGenes
  params:
    n_top_genes: 3000
- type: feature.cell
  params:
    out: feature.cell
    log_level: INFO
    split_name: train
  target: WeightedFeatureSVD
- type: misc
  target: SetConfig
  params:
    config_dict:
      feature_channel: feature.cell
      label_channel: cell_type
",0.388999998569489,"step2:https://wandb.ai/xzy11632/dance-dev/sweeps/rdr8eu9q|step3:https://wandb.ai/xzy11632/dance-dev/sweeps/iygv5oqv,https://wandb.ai/xzy11632/dance-dev/sweeps/7vttt4yz,https://wandb.ai/xzy11632/dance-dev/sweeps/mpsqg1uk","- type: filter.gene
  target: FilterGenesPlaceHolder
  params: {}
- type: normalize
  target: ScTransform
  params:
    processes_num: 8
- type: filter.gene
  target: FilterGenesTopK
  params:
    num_genes: 3000
- type: feature.cell
  params:
    out: feature.cell
    log_level: INFO
    split_name: train
  target: WeightedFeatureSVD
- type: misc
  target: SetConfig
  params:
    config_dict:
      feature_channel: feature.cell
      label_channel: cell_type
",0.324999988079071,all_total_runs:116|all_finished_runs:55|step2_total_runs:90|step2_finished_runs:55|step3_0_total_runs:20|step3_0_finished_runs:0|step3_1_total_runs:3|step3_1_finished_runs:0|step3_2_total_runs:3|step3_2_finished_runs:0|finished_rate:47.41%,1.0,"- type: filter.gene
  target: FilterGenesPlaceHolder
  params: {}
- type: normalize
  target: ScTransform
  params:
    processes_num: 8
- type: filter.gene
  target: FilterGenesTopK
  params:
    num_genes: 3000
- type: feature.cell
  params:
    out: feature.cell
    log_level: INFO
    split_name: train
  target: WeightedFeatureSVD
- type: misc
  target: SetConfig
  params:
    config_dict:
      feature_channel: feature.cell
      label_channel: cell_type
",0.324999988079071,"step2:https://wandb.ai/xzy11632/dance-dev/sweeps/ghjl6vga|step3:https://wandb.ai/xzy11632/dance-dev/sweeps/4yzzi23h,https://wandb.ai/xzy11632/dance-dev/sweeps/fxr66jba,https://wandb.ai/xzy11632/dance-dev/sweeps/cr0i30qs","- type: filter.gene
  target: FilterGenesScanpyOrder
  params:
    order:
    - min_counts
    - min_cells
    - max_counts
    - max_cells
    min_counts: 0.01
    max_counts: 0.99
    min_cells: 0.01
    max_cells: 0.99
- type: normalize
  target: NormalizeTotalLog1P
  params: {}
- type: filter.gene
  target: FilterGenesTopK
  params:
    num_genes: 3000
- type: feature.cell
  params:
    out: feature.cell
    log_level: INFO
    split_name: train
  target: WeightedFeaturePCA
- type: graph.cell
  target: CellFeatureGraph
  params:
    cell_feature_channel: feature.cell
- type: misc
  target: SetConfig
  params:
    config_dict:
      label_channel: cell_type
",0.388999998569489,all_total_runs:90|all_finished_runs:84|step2_total_runs:30|step2_finished_runs:30|step3_0_total_runs:20|step3_0_finished_runs:19|step3_1_total_runs:20|step3_1_finished_runs:20|step3_2_total_runs:20|step3_2_finished_runs:15|finished_rate:93.33%,False,"- type: filter.gene
  target: FilterGenesScanpyOrder
  params:
    order:
    - min_counts
    - min_cells
    - max_counts
    - max_cells
    min_counts: 0.01
    max_counts: 0.99
    min_cells: 0.01
    max_cells: 0.99
- type: normalize
  target: NormalizeTotalLog1P
  params: {}
- type: filter.gene
  target: FilterGenesTopK
  params:
    num_genes: 3000
- type: feature.cell
  params:
    out: feature.cell
    log_level: INFO
    split_name: train
  target: WeightedFeaturePCA
- type: graph.cell
  target: CellFeatureGraph
  params:
    cell_feature_channel: feature.cell
- type: misc
  target: SetConfig
  params:
    config_dict:
      label_channel: cell_type
",0.388999998569489,"step2:https://wandb.ai/xzy11632/dance-dev/sweeps/nh49rjpr|step3:https://wandb.ai/xzy11632/dance-dev/sweeps/8bu7exf0,https://wandb.ai/xzy11632/dance-dev/sweeps/zsxkkdh1,https://wandb.ai/xzy11632/dance-dev/sweeps/vojl1bmh","- type: filter.gene
  target: FilterGenesPlaceHolder
  params: {}
- type: normalize
  target: ScTransform
  params:
    processes_num: 8
- type: filter.gene
  target: HighlyVariableGenesLogarithmizedByMeanAndDisp
  params: {}
- type: feature.cell
  target: SCNFeature
- type: misc
  target: SetConfig
  params:
    config_dict:
      feature_channel: SCNFeature
      label_channel: cell_type
",0.3775,all_total_runs:78|all_finished_runs:12|step2_total_runs:18|step2_finished_runs:12|step3_0_total_runs:20|step3_0_finished_runs:0|step3_1_total_runs:20|step3_1_finished_runs:0|step3_2_total_runs:20|step3_2_finished_runs:0|finished_rate:15.38%,True,"- type: filter.gene
  target: FilterGenesPlaceHolder
  params: {}
- type: normalize
  target: ScTransform
  params:
    processes_num: 8
- type: filter.gene
  target: HighlyVariableGenesLogarithmizedByMeanAndDisp
  params: {}
- type: feature.cell
  target: SCNFeature
- type: misc
  target: SetConfig
  params:
    config_dict:
      feature_channel: SCNFeature
      label_channel: cell_type
",0.3775,human,Heart,10000,train,train_human_Heartf15e263b-6544-46cb-a46e-e33ab7ce8347_data.h5ad,https://www.dropbox.com/scl/fi/xddt54xc5bujkkvhql5nv/human_Heartf15e263b-6544-46cb-a46e-e33ab7ce8347_data.h5ad?rlkey=fnlrns7gupn548zfa6g6s11iw&st=42qx454t&dl=1,f15e263b-6544-46cb-a46e-e33ab7ce8347
f7995301-7551-4e1d-8396-ffe3c9497ace_Heart,3.0,10000.0,22455.0,1.0,21839410.0,311418.0,['cardiac muscle cell'],"['arrhythmogenic right ventricular cardiomyopathy', 'dilated cardiomyopathy', 'non-compaction cardiomyopathy', 'normal']",Heart,10000.0,['cardiac muscle cell'],"['arrhythmogenic right ventricular cardiomyopathy', 'dilated cardiomyopathy', 'non-compaction cardiomyopathy', 'normal']","[""10x 3' v2"", ""10x 3' v3""]","[""10x 3' v2"", ""10x 3' v3""]",f7995301-7551-4e1d-8396-ffe3c9497ace,0.0,"step2:https://wandb.ai/xzy11632/dance-dev/sweeps/7n72buzq|step3:https://wandb.ai/xzy11632/dance-dev/sweeps/4d9lm5rx,https://wandb.ai/xzy11632/dance-dev/sweeps/qb3235uz,https://wandb.ai/xzy11632/dance-dev/sweeps/4tyxgcy1","- type: filter.gene
  target: FilterGenesScanpyOrder
  params:
    order:
    - min_counts
    - min_cells
    - max_counts
    - max_cells
    min_counts: 0.01
    max_counts: 0.99
    min_cells: 0.01
    max_cells: 0.99
- type: normalize
  target: ScaleFeature
  params: {}
- type: filter.gene
  target: HighlyVariableGenesRawCount
  params:
    n_top_genes: 3000
- type: feature.cell
  params:
    out: feature.cell
    log_level: INFO
    split_name: train
  target: WeightedFeatureSVD
- type: misc
  target: SetConfig
  params:
    config_dict:
      feature_channel: feature.cell
      label_channel: cell_type
",1.0,all_total_runs:168|all_finished_runs:164|step2_total_runs:108|step2_finished_runs:107|step3_0_total_runs:20|step3_0_finished_runs:20|step3_1_total_runs:20|step3_1_finished_runs:17|step3_2_total_runs:20|step3_2_finished_runs:20|finished_rate:97.62%,False,"- type: filter.gene
  target: FilterGenesScanpyOrder
  params:
    order:
    - min_counts
    - min_cells
    - max_counts
    - max_cells
    min_counts: 0.01
    max_counts: 0.99
    min_cells: 0.01
    max_cells: 0.99
- type: normalize
  target: ScaleFeature
  params: {}
- type: filter.gene
  target: HighlyVariableGenesRawCount
  params:
    n_top_genes: 3000
- type: feature.cell
  params:
    out: feature.cell
    log_level: INFO
    split_name: train
  target: WeightedFeatureSVD
- type: misc
  target: SetConfig
  params:
    config_dict:
      feature_channel: feature.cell
      label_channel: cell_type
",1.0,,,,,,,,"step2:https://wandb.ai/xzy11632/dance-dev/sweeps/qf85j2zb|step3:https://wandb.ai/xzy11632/dance-dev/sweeps/68fl6bbv,https://wandb.ai/xzy11632/dance-dev/sweeps/6cuw0amc,https://wandb.ai/xzy11632/dance-dev/sweeps/07lmjrp9","- type: filter.gene
  target: FilterGenesScanpyOrder
  params:
    order:
    - min_counts
    - min_cells
    - max_counts
    - max_cells
    min_counts: 0.01
    max_counts: 0.99
    min_cells: 0.01
    max_cells: 0.99
- type: normalize
  target: ScaleFeature
  params: {}
- type: filter.gene
  target: HighlyVariableGenesRawCount
  params:
    n_top_genes: 3000
- type: feature.cell
  params:
    out: feature.cell
    log_level: INFO
    split_name: train
  target: WeightedFeatureSVD
- type: graph.cell
  target: CellFeatureGraph
  params:
    cell_feature_channel: feature.cell
- type: misc
  target: SetConfig
  params:
    config_dict:
      label_channel: cell_type
",1.0,all_total_runs:56|all_finished_runs:43|step2_total_runs:30|step2_finished_runs:29|step3_0_total_runs:20|step3_0_finished_runs:14|step3_1_total_runs:3|step3_1_finished_runs:0|step3_2_total_runs:3|step3_2_finished_runs:0|finished_rate:76.79%,False,"- type: filter.gene
  target: FilterGenesScanpyOrder
  params:
    order:
    - min_counts
    - min_cells
    - max_counts
    - max_cells
    min_counts: 0.01
    max_counts: 0.99
    min_cells: 0.01
    max_cells: 0.99
- type: normalize
  target: ScaleFeature
  params: {}
- type: filter.gene
  target: HighlyVariableGenesRawCount
  params:
    n_top_genes: 3000
- type: feature.cell
  params:
    out: feature.cell
    log_level: INFO
    split_name: train
  target: WeightedFeatureSVD
- type: graph.cell
  target: CellFeatureGraph
  params:
    cell_feature_channel: feature.cell
- type: misc
  target: SetConfig
  params:
    config_dict:
      label_channel: cell_type
",1.0,"step2:https://wandb.ai/xzy11632/dance-dev/sweeps/3uyox2p7|step3:https://wandb.ai/xzy11632/dance-dev/sweeps/wlzsunh9,https://wandb.ai/xzy11632/dance-dev/sweeps/sujxfzag,https://wandb.ai/xzy11632/dance-dev/sweeps/tb0ttkkf","- type: filter.gene
  target: FilterGenesScanpyOrder
  params:
    order:
    - min_counts
    - min_cells
    - max_counts
    - max_cells
    min_counts: 0.01
    max_counts: 0.99
    min_cells: 0.01
    max_cells: 0.99
- type: normalize
  target: NormalizeTotal
  params: {}
- type: filter.gene
  target: HighlyVariableGenesRawCount
  params:
    n_top_genes: 3000
- type: feature.cell
  target: SCNFeature
- type: misc
  target: SetConfig
  params:
    config_dict:
      feature_channel: SCNFeature
      label_channel: cell_type
",1.0,all_total_runs:78|all_finished_runs:13|step2_total_runs:18|step2_finished_runs:4|step3_0_total_runs:20|step3_0_finished_runs:6|step3_1_total_runs:20|step3_1_finished_runs:0|step3_2_total_runs:20|step3_2_finished_runs:3|finished_rate:16.67%,True,"- type: filter.gene
  target: FilterGenesScanpyOrder
  params:
    order:
    - min_counts
    - min_cells
    - max_counts
    - max_cells
    min_counts: 0.01
    max_counts: 0.99
    min_cells: 0.01
    max_cells: 0.99
- type: normalize
  target: NormalizeTotal
  params: {}
- type: filter.gene
  target: HighlyVariableGenesRawCount
  params:
    n_top_genes: 3000
- type: feature.cell
  target: SCNFeature
- type: misc
  target: SetConfig
  params:
    config_dict:
      feature_channel: SCNFeature
      label_channel: cell_type
",1.0,human,Heart,10000,train,train_human_Heartf7995301-7551-4e1d-8396-ffe3c9497ace_data.h5ad,https://www.dropbox.com/scl/fi/uiufoyquxt0hea9dgf0l2/human_Heartf7995301-7551-4e1d-8396-ffe3c9497ace_data.h5ad?rlkey=7mu54uqnqrbqtuyfxnqdexmc5&st=2k45pou1&dl=1,f7995301-7551-4e1d-8396-ffe3c9497ace
e6a11140-2545-46bc-929e-da243eed2cae_Heart,4.0,10000.0,17886.0,6.0,37777687.0,11505.0,"['cardiac endothelial cell', 'cardiac muscle cell', 'fibroblast of cardiac tissue', 'macrophage', 'smooth muscle cell', 'unknown']",['normal'],Heart,10000.0,"['cardiac endothelial cell', 'cardiac muscle cell', 'fibroblast of cardiac tissue', 'macrophage', 'smooth muscle cell', 'unknown']",['normal'],"[""10x 3' v3"", 'Smart-seq2']","[""10x 3' v3"", 'Smart-seq2']",e6a11140-2545-46bc-929e-da243eed2cae,0.0,"step2:https://wandb.ai/xzy11632/dance-dev/sweeps/q6rjhuzz|step3:https://wandb.ai/xzy11632/dance-dev/sweeps/tzw3k8rl,https://wandb.ai/xzy11632/dance-dev/sweeps/yeu9iqod,https://wandb.ai/xzy11632/dance-dev/sweeps/h6htm1p4","- type: filter.gene
  target: FilterGenesScanpyOrder
  params:
    order:
    - min_counts
    - min_cells
    - max_counts
    - max_cells
    min_counts: 0.01
    max_counts: 0.99
    min_cells: 0.01
    max_cells: 0.99
- type: normalize
  target: Log1P
  params: {}
- type: filter.gene
  target: HighlyVariableGenesRawCount
  params:
    n_top_genes: 3000
- type: feature.cell
  params:
    out: feature.cell
    log_level: INFO
    split_name: train
  target: WeightedFeaturePCA
- type: misc
  target: SetConfig
  params:
    config_dict:
      feature_channel: feature.cell
      label_channel: cell_type
",0.623000025749207,all_total_runs:168|all_finished_runs:165|step2_total_runs:108|step2_finished_runs:105|step3_0_total_runs:20|step3_0_finished_runs:20|step3_1_total_runs:20|step3_1_finished_runs:20|step3_2_total_runs:20|step3_2_finished_runs:20|finished_rate:98.21%,False,"- type: filter.gene
  target: FilterGenesScanpyOrder
  params:
    order:
    - min_counts
    - min_cells
    - max_counts
    - max_cells
    min_counts: 0.01
    max_counts: 0.99
    min_cells: 0.01
    max_cells: 0.99
- type: normalize
  target: Log1P
  params: {}
- type: filter.gene
  target: HighlyVariableGenesRawCount
  params:
    n_top_genes: 3000
- type: feature.cell
  params:
    out: feature.cell
    log_level: INFO
    split_name: train
  target: WeightedFeaturePCA
- type: misc
  target: SetConfig
  params:
    config_dict:
      feature_channel: feature.cell
      label_channel: cell_type
",0.623000025749207,"step2:https://wandb.ai/xzy11632/dance-dev/sweeps/vr0n1fk7|step3:https://wandb.ai/xzy11632/dance-dev/sweeps/q8imo14j,https://wandb.ai/xzy11632/dance-dev/sweeps/c4ervlrj,https://wandb.ai/xzy11632/dance-dev/sweeps/510fsr22","- type: filter.gene
  target: FilterGenesPercentile
  params:
    min_val: 7
    max_val: 97
    mode: cv
- type: normalize
  target: NormalizePlaceHolder
- type: filter.gene
  target: FilterGenesRegression
  params:
    method: enclasc
    num_genes: 1263
- type: feature.cell
  target: GaussRandProjFeature
  params:
    out: feature.cell
    log_level: INFO
    n_components: 824
- type: misc
  target: SetConfig
  params:
    config_dict:
      feature_channel: feature.cell
      label_channel: cell_type
",0.626500010490417,all_total_runs:150|all_finished_runs:144|step2_total_runs:90|step2_finished_runs:88|step3_0_total_runs:20|step3_0_finished_runs:20|step3_1_total_runs:20|step3_1_finished_runs:19|step3_2_total_runs:20|step3_2_finished_runs:17|finished_rate:96.00%,0.0,"- type: filter.gene
  target: FilterGenesScanpyOrder
  params:
    order:
    - min_counts
    - min_cells
    - max_counts
    - max_cells
    min_counts: 0.01
    max_counts: 0.99
    min_cells: 0.01
    max_cells: 0.99
- type: normalize
  target: NormalizePlaceHolder
  params: {}
- type: filter.gene
  target: HighlyVariableGenesRawCount
  params:
    n_top_genes: 3000
- type: feature.cell
  params:
    out: feature.cell
    log_level: INFO
  target: GaussRandProjFeature
- type: misc
  target: SetConfig
  params:
    config_dict:
      feature_channel: feature.cell
      label_channel: cell_type
",0.625,step2:https://wandb.ai/xzy11632/dance-dev/sweeps/n56xydsi|step3:https://wandb.ai/xzy11632/dance-dev/sweeps/ryw0ge30,"- type: filter.gene
  target: FilterGenesScanpyOrder
  params:
    order:
    - min_counts
    - min_cells
    - max_counts
    - max_cells
    min_counts: 0.01
    max_counts: 0.99
    min_cells: 0.01
    max_cells: 0.99
- type: normalize
  target: ScaleFeature
  params: {}
- type: filter.gene
  target: HighlyVariableGenesRawCount
  params:
    n_top_genes: 3000
- type: feature.cell
  params:
    out: feature.cell
    log_level: INFO
    split_name: train
  target: WeightedFeatureSVD
- type: graph.cell
  target: CellFeatureGraph
  params:
    cell_feature_channel: feature.cell
- type: misc
  target: SetConfig
  params:
    config_dict:
      label_channel: cell_type
",0.629000008106232,all_total_runs:50|all_finished_runs:45|step2_total_runs:30|step2_finished_runs:29|step3_0_total_runs:20|step3_0_finished_runs:16|finished_rate:90.00%,False,"- type: filter.gene
  target: FilterGenesScanpyOrder
  params:
    order:
    - min_counts
    - min_cells
    - max_counts
    - max_cells
    min_counts: 0.01
    max_counts: 0.99
    min_cells: 0.01
    max_cells: 0.99
- type: normalize
  target: ScaleFeature
  params: {}
- type: filter.gene
  target: HighlyVariableGenesRawCount
  params:
    n_top_genes: 3000
- type: feature.cell
  params:
    out: feature.cell
    log_level: INFO
    split_name: train
  target: WeightedFeatureSVD
- type: graph.cell
  target: CellFeatureGraph
  params:
    cell_feature_channel: feature.cell
- type: misc
  target: SetConfig
  params:
    config_dict:
      label_channel: cell_type
",0.629000008106232,"step2:https://wandb.ai/xzy11632/dance-dev/sweeps/984wd4dp|step3:https://wandb.ai/xzy11632/dance-dev/sweeps/tuq1gos6,https://wandb.ai/xzy11632/dance-dev/sweeps/o0naof9q,https://wandb.ai/xzy11632/dance-dev/sweeps/v30dfbv4","- type: filter.gene
  target: FilterGenesPercentile
  params:
    min_val: 9
    max_val: 98
    mode: rv
- type: normalize
  target: ScaleFeature
  params:
    mode: l2
    eps: 0.3
- type: filter.gene
  target: FilterGenesRegression
  params:
    method: seurat3
    num_genes: 7900
- type: feature.cell
  target: SCNFeature
- type: misc
  target: SetConfig
  params:
    config_dict:
      feature_channel: SCNFeature
      label_channel: cell_type
",0.6275,all_total_runs:78|all_finished_runs:58|step2_total_runs:18|step2_finished_runs:12|step3_0_total_runs:20|step3_0_finished_runs:12|step3_1_total_runs:20|step3_1_finished_runs:17|step3_2_total_runs:20|step3_2_finished_runs:17|finished_rate:74.36%,False,"- type: filter.gene
  target: FilterGenesScanpyOrder
  params:
    order:
    - min_counts
    - min_cells
    - max_counts
    - max_cells
    min_counts: 0.01
    max_counts: 0.99
    min_cells: 0.01
    max_cells: 0.99
- type: normalize
  target: ScaleFeature
  params: {}
- type: filter.gene
  target: FilterGenesRegression
  params:
    num_genes: 3000
- type: feature.cell
  target: SCNFeature
- type: misc
  target: SetConfig
  params:
    config_dict:
      feature_channel: SCNFeature
      label_channel: cell_type
",0.6265,human,Heart,10000,train,train_human_Hearte6a11140-2545-46bc-929e-da243eed2cae_data.h5ad,https://www.dropbox.com/scl/fi/qv88ufwdqb89boz79t4w8/human_Hearte6a11140-2545-46bc-929e-da243eed2cae_data.h5ad?rlkey=s5u32dymnqzpczp67f2vopdxp&st=8u7airt8&dl=1,e6a11140-2545-46bc-929e-da243eed2cae
1062c0f2-2a44-4cf9-a7c8-b5ed58b4728d_Heart,5.0,10000.0,16609.0,1.0,9861988.0,115548.0,['endothelial cell'],"['arrhythmogenic right ventricular cardiomyopathy', 'dilated cardiomyopathy', 'non-compaction cardiomyopathy', 'normal']",Heart,10000.0,['endothelial cell'],"['arrhythmogenic right ventricular cardiomyopathy', 'dilated cardiomyopathy', 'non-compaction cardiomyopathy', 'normal']","[""10x 3' v2"", ""10x 3' v3""]","[""10x 3' v2"", ""10x 3' v3""]",1062c0f2-2a44-4cf9-a7c8-b5ed58b4728d,0.0,"step2:https://wandb.ai/xzy11632/dance-dev/sweeps/flvex5eq|step3:https://wandb.ai/xzy11632/dance-dev/sweeps/7l3mf31b,https://wandb.ai/xzy11632/dance-dev/sweeps/t7p1tp76,https://wandb.ai/xzy11632/dance-dev/sweeps/og550u2c","- type: filter.gene
  target: FilterGenesPlaceHolder
  params: {}
- type: normalize
  target: NormalizePlaceHolder
  params: {}
- type: filter.gene
  target: FilterGenesTopK
  params:
    num_genes: 3000
- type: feature.cell
  params:
    out: feature.cell
    log_level: INFO
  target: GaussRandProjFeature
- type: misc
  target: SetConfig
  params:
    config_dict:
      feature_channel: feature.cell
      label_channel: cell_type
",1.0,all_total_runs:168|all_finished_runs:168|step2_total_runs:108|step2_finished_runs:108|step3_0_total_runs:20|step3_0_finished_runs:20|step3_1_total_runs:20|step3_1_finished_runs:20|step3_2_total_runs:20|step3_2_finished_runs:20|finished_rate:100.00%,False,"- type: filter.gene
  target: FilterGenesPlaceHolder
  params: {}
- type: normalize
  target: NormalizePlaceHolder
  params: {}
- type: filter.gene
  target: FilterGenesTopK
  params:
    num_genes: 3000
- type: feature.cell
  params:
    out: feature.cell
    log_level: INFO
  target: GaussRandProjFeature
- type: misc
  target: SetConfig
  params:
    config_dict:
      feature_channel: feature.cell
      label_channel: cell_type
",1.0,,,,,,,,"step2:https://wandb.ai/xzy11632/dance-dev/sweeps/c3i2rf3m|step3:https://wandb.ai/xzy11632/dance-dev/sweeps/l8ridflb,https://wandb.ai/xzy11632/dance-dev/sweeps/q2k317rd,https://wandb.ai/xzy11632/dance-dev/sweeps/mpehf2hl","- type: filter.gene
  target: FilterGenesScanpyOrder
  params:
    order:
    - min_counts
    - min_cells
    - max_counts
    - max_cells
    min_counts: 0.01
    max_counts: 0.99
    min_cells: 0.01
    max_cells: 0.99
- type: normalize
  target: ScaleFeature
  params: {}
- type: filter.gene
  target: HighlyVariableGenesRawCount
  params:
    n_top_genes: 3000
- type: feature.cell
  params:
    out: feature.cell
    log_level: INFO
    split_name: train
  target: WeightedFeatureSVD
- type: graph.cell
  target: CellFeatureGraph
  params:
    cell_feature_channel: feature.cell
- type: misc
  target: SetConfig
  params:
    config_dict:
      label_channel: cell_type
",1.0,all_total_runs:73|all_finished_runs:64|step2_total_runs:30|step2_finished_runs:29|step3_0_total_runs:20|step3_0_finished_runs:16|step3_1_total_runs:20|step3_1_finished_runs:19|step3_2_total_runs:3|step3_2_finished_runs:0|finished_rate:87.67%,False,"- type: filter.gene
  target: FilterGenesScanpyOrder
  params:
    order:
    - min_counts
    - min_cells
    - max_counts
    - max_cells
    min_counts: 0.01
    max_counts: 0.99
    min_cells: 0.01
    max_cells: 0.99
- type: normalize
  target: ScaleFeature
  params: {}
- type: filter.gene
  target: HighlyVariableGenesRawCount
  params:
    n_top_genes: 3000
- type: feature.cell
  params:
    out: feature.cell
    log_level: INFO
    split_name: train
  target: WeightedFeatureSVD
- type: graph.cell
  target: CellFeatureGraph
  params:
    cell_feature_channel: feature.cell
- type: misc
  target: SetConfig
  params:
    config_dict:
      label_channel: cell_type
",1.0,"step2:https://wandb.ai/xzy11632/dance-dev/sweeps/7oxzs0b8|step3:https://wandb.ai/xzy11632/dance-dev/sweeps/3wo6nyga,https://wandb.ai/xzy11632/dance-dev/sweeps/hb0suopx,https://wandb.ai/xzy11632/dance-dev/sweeps/eb3pvr79","- type: filter.gene
  target: FilterGenesPlaceHolder
  params: {}
- type: normalize
  target: NormalizeTotal
  params: {}
- type: filter.gene
  target: FilterGenesTopK
  params:
    num_genes: 3000
- type: feature.cell
  target: SCNFeature
- type: misc
  target: SetConfig
  params:
    config_dict:
      feature_channel: SCNFeature
      label_channel: cell_type
",1.0,all_total_runs:150|all_finished_runs:10|step2_total_runs:90|step2_finished_runs:2|step3_0_total_runs:20|step3_0_finished_runs:6|step3_1_total_runs:20|step3_1_finished_runs:2|step3_2_total_runs:20|step3_2_finished_runs:0|finished_rate:6.67%,True,"- type: filter.gene
  target: FilterGenesPlaceHolder
  params: {}
- type: normalize
  target: NormalizeTotal
  params: {}
- type: filter.gene
  target: FilterGenesTopK
  params:
    num_genes: 3000
- type: feature.cell
  target: SCNFeature
- type: misc
  target: SetConfig
  params:
    config_dict:
      feature_channel: SCNFeature
      label_channel: cell_type
",1.0,human,Heart,10000,train,train_human_Heart1062c0f2-2a44-4cf9-a7c8-b5ed58b4728d_data.h5ad,https://www.dropbox.com/scl/fi/86e8yrjglgo714p02jozm/human_Heart1062c0f2-2a44-4cf9-a7c8-b5ed58b4728d_data.h5ad?rlkey=ff7y5amtc8hovujepsqtvyki6&st=dtsskar4&dl=1,1062c0f2-2a44-4cf9-a7c8-b5ed58b4728d
1c739a3e-c3f5-49d5-98e0-73975e751201_Heart,6.0,10000.0,22297.0,11.0,20299513.0,191795.0,"['adipocyte of epicardial fat of left ventricle', 'cardiac endothelial cell', 'cardiac muscle myoblast', 'fibroblast of cardiac tissue', 'immature innate lymphoid cell', 'lymphoid lineage restricted progenitor cell', 'mast cell', 'neuronal receptor cell', 'pericyte', 'smooth muscle myoblast', 'unknown']","['myocardial infarction', 'normal']",Heart,10000.0,"['adipocyte of epicardial fat of left ventricle', 'cardiac endothelial cell', 'cardiac muscle myoblast', 'fibroblast of cardiac tissue', 'immature innate lymphoid cell', 'lymphoid lineage restricted progenitor cell', 'mast cell', 'neuronal receptor cell', 'pericyte', 'smooth muscle myoblast', 'unknown']","['myocardial infarction', 'normal']","[""10x 3' v3""]","[""10x 3' v3""]",1c739a3e-c3f5-49d5-98e0-73975e751201,0.0,"step2:https://wandb.ai/xzy11632/dance-dev/sweeps/ru2u1vxq|step3:https://wandb.ai/xzy11632/dance-dev/sweeps/e6tej535,https://wandb.ai/xzy11632/dance-dev/sweeps/20jtdyne,https://wandb.ai/xzy11632/dance-dev/sweeps/7w40hawd","- type: filter.gene
  target: FilterGenesPercentile
  params:
    min_val: 9
    max_val: 98
    mode: var
- type: normalize
  target: Log1P
  params:
    base: 2.4698320595920658
- type: filter.gene
  target: FilterGenesTopK
  params:
    num_genes: 7318
    top: false
    mode: var
- type: feature.cell
  target: CellPCA
  params:
    out: feature.cell
    log_level: INFO
    n_components: 113
    svd_solver: full
- type: misc
  target: SetConfig
  params:
    config_dict:
      feature_channel: feature.cell
      label_channel: cell_type
",0.328999996185303,all_total_runs:168|all_finished_runs:167|step2_total_runs:108|step2_finished_runs:107|step3_0_total_runs:20|step3_0_finished_runs:20|step3_1_total_runs:20|step3_1_finished_runs:20|step3_2_total_runs:20|step3_2_finished_runs:20|finished_rate:99.40%,False,"- type: filter.gene
  target: FilterGenesPercentile
  params: {}
- type: normalize
  target: Log1P
  params: {}
- type: filter.gene
  target: FilterGenesTopK
  params:
    num_genes: 3000
- type: feature.cell
  params:
    out: feature.cell
    log_level: INFO
    split_name: train
  target: WeightedFeaturePCA
- type: misc
  target: SetConfig
  params:
    config_dict:
      feature_channel: feature.cell
      label_channel: cell_type
",0.328500002622604,"step2:https://wandb.ai/xzy11632/dance-dev/sweeps/fk2gq8r1|step3:https://wandb.ai/xzy11632/dance-dev/sweeps/gnobxkam,https://wandb.ai/xzy11632/dance-dev/sweeps/vmscudwe,https://wandb.ai/xzy11632/dance-dev/sweeps/yon48pve","- type: filter.gene
  target: FilterGenesScanpyOrder
  params:
    order:
    - min_cells
    - max_cells
    - min_counts
    - max_counts
    min_counts: 258
    min_cells: 0.028044810376852136
    max_counts: 0.9317535273933952
    max_cells: 0.969732648295938
- type: normalize
  target: NormalizeTotalLog1P
  params:
    base: 8.406878570568093
    target_sum: 10000
    max_fraction: 0.01
- type: filter.gene
  target: HighlyVariableGenesLogarithmizedByMeanAndDisp
  params:
    min_disp: 0.08751293716742106
    max_disp: 99.61209627172413
    min_mean: 0.001917782905989944
    max_mean: 6.620347601237755
    n_bins: 18
    flavor: cell_ranger
- type: feature.cell
  target: FeatureCellPlaceHolder
  params:
    out: feature.cell
    log_level: INFO
- type: misc
  target: SetConfig
  params:
    config_dict:
      feature_channel: feature.cell
      label_channel: cell_type
",0.307000011205673,all_total_runs:150|all_finished_runs:117|step2_total_runs:90|step2_finished_runs:78|step3_0_total_runs:20|step3_0_finished_runs:19|step3_1_total_runs:20|step3_1_finished_runs:18|step3_2_total_runs:20|step3_2_finished_runs:2|finished_rate:78.00%,0.0,"- type: filter.gene
  target: FilterGenesPlaceHolder
  params: {}
- type: normalize
  target: Log1P
  params: {}
- type: filter.gene
  target: HighlyVariableGenesLogarithmizedByMeanAndDisp
  params: {}
- type: feature.cell
  params:
    out: feature.cell
    log_level: INFO
  target: FeatureCellPlaceHolder
- type: misc
  target: SetConfig
  params:
    config_dict:
      feature_channel: feature.cell
      label_channel: cell_type
",0.284500002861023,step2:https://wandb.ai/xzy11632/dance-dev/sweeps/3h4wnfph|step3:https://wandb.ai/xzy11632/dance-dev/sweeps/bifnypvl,"- type: filter.gene
  target: FilterGenesPercentile
  params:
    min_val: 6
    max_val: 98
    mode: var
- type: normalize
  target: ScaleFeature
  params:
    mode: l2
    eps: 0.5
- type: filter.gene
  target: HighlyVariableGenesLogarithmizedByTopGenes
  params:
    n_top_genes: 2306
    n_bins: 23
    flavor: seurat
- type: feature.cell
  target: WeightedFeatureSVD
  params:
    out: feature.cell
    log_level: INFO
    n_components: 316
    feat_norm_mode: null
- type: graph.cell
  target: CellFeatureGraph
  params:
    cell_feature_channel: feature.cell
- type: misc
  target: SetConfig
  params:
    config_dict:
      label_channel: cell_type
",0.337999999523163,all_total_runs:50|all_finished_runs:47|step2_total_runs:30|step2_finished_runs:30|step3_0_total_runs:20|step3_0_finished_runs:17|finished_rate:94.00%,False,"- type: filter.gene
  target: FilterGenesPercentile
  params: {}
- type: normalize
  target: ScaleFeature
  params: {}
- type: filter.gene
  target: FilterGenesTopK
  params:
    num_genes: 3000
- type: feature.cell
  params:
    out: feature.cell
    log_level: INFO
    split_name: train
  target: WeightedFeaturePCA
- type: graph.cell
  target: CellFeatureGraph
  params:
    cell_feature_channel: feature.cell
- type: misc
  target: SetConfig
  params:
    config_dict:
      label_channel: cell_type
",0.337000012397766,"step2:https://wandb.ai/xzy11632/dance-dev/sweeps/6fw2fz7o|step3:https://wandb.ai/xzy11632/dance-dev/sweeps/twzqi797,https://wandb.ai/xzy11632/dance-dev/sweeps/qs8yt6c4,https://wandb.ai/xzy11632/dance-dev/sweeps/bx9dqs0l","- type: filter.gene
  target: FilterGenesPercentile
  params:
    min_val: 5
    max_val: 95
    mode: var
- type: normalize
  target: ScaleFeature
  params:
    mode: l2
    eps: 0.1
- type: filter.gene
  target: FilterGenesNumberPlaceHolder
- type: feature.cell
  target: SCNFeature
- type: misc
  target: SetConfig
  params:
    config_dict:
      feature_channel: SCNFeature
      label_channel: cell_type
",0.355,all_total_runs:78|all_finished_runs:68|step2_total_runs:18|step2_finished_runs:11|step3_0_total_runs:20|step3_0_finished_runs:18|step3_1_total_runs:20|step3_1_finished_runs:19|step3_2_total_runs:20|step3_2_finished_runs:20|finished_rate:87.18%,False,"- type: filter.gene
  target: FilterGenesPercentile
  params: {}
- type: normalize
  target: NormalizePlaceHolder
  params: {}
- type: filter.gene
  target: FilterGenesNumberPlaceHolder
  params: {}
- type: feature.cell
  target: SCNFeature
- type: misc
  target: SetConfig
  params:
    config_dict:
      feature_channel: SCNFeature
      label_channel: cell_type
",0.353,human,Heart,10000,train,train_human_Heart1c739a3e-c3f5-49d5-98e0-73975e751201_data.h5ad,https://www.dropbox.com/scl/fi/ymqp6iki4vu2ur9jw56fp/human_Heart1c739a3e-c3f5-49d5-98e0-73975e751201_data.h5ad?rlkey=o6cladni7kfsfigvni5hk01n7&st=zcxajdyt&dl=1,1c739a3e-c3f5-49d5-98e0-73975e751201
1252c5fb-945f-42d6-b1a8-8a3bd864384b_Heart,7.0,10000.0,6438.0,1.0,3150363.0,145504.0,['mural cell'],"['arrhythmogenic right ventricular cardiomyopathy', 'dilated cardiomyopathy', 'non-compaction cardiomyopathy', 'normal']",Heart,10000.0,['mural cell'],"['arrhythmogenic right ventricular cardiomyopathy', 'dilated cardiomyopathy', 'non-compaction cardiomyopathy', 'normal']","[""10x 3' v2"", ""10x 3' v3""]","[""10x 3' v2"", ""10x 3' v3""]",1252c5fb-945f-42d6-b1a8-8a3bd864384b,0.0,"step2:https://wandb.ai/xzy11632/dance-dev/sweeps/9shh736p|step3:https://wandb.ai/xzy11632/dance-dev/sweeps/wvfs7yn1,https://wandb.ai/xzy11632/dance-dev/sweeps/4t21zgn2,https://wandb.ai/xzy11632/dance-dev/sweeps/9ixbg09u","- type: filter.gene
  target: FilterGenesPlaceHolder
  params: {}
- type: normalize
  target: NormalizeTotal
  params: {}
- type: filter.gene
  target: FilterGenesRegression
  params:
    num_genes: 3000
- type: feature.cell
  params:
    out: feature.cell
    log_level: INFO
    split_name: train
  target: WeightedFeaturePCA
- type: misc
  target: SetConfig
  params:
    config_dict:
      feature_channel: feature.cell
      label_channel: cell_type
",1.0,all_total_runs:168|all_finished_runs:165|step2_total_runs:108|step2_finished_runs:105|step3_0_total_runs:20|step3_0_finished_runs:20|step3_1_total_runs:20|step3_1_finished_runs:20|step3_2_total_runs:20|step3_2_finished_runs:20|finished_rate:98.21%,False,"- type: filter.gene
  target: FilterGenesPlaceHolder
  params: {}
- type: normalize
  target: NormalizeTotal
  params: {}
- type: filter.gene
  target: FilterGenesRegression
  params:
    num_genes: 3000
- type: feature.cell
  params:
    out: feature.cell
    log_level: INFO
    split_name: train
  target: WeightedFeaturePCA
- type: misc
  target: SetConfig
  params:
    config_dict:
      feature_channel: feature.cell
      label_channel: cell_type
",1.0,,,,,,,,"step2:https://wandb.ai/xzy11632/dance-dev/sweeps/2fcopb5g|step3:https://wandb.ai/xzy11632/dance-dev/sweeps/7vehmtwm,https://wandb.ai/xzy11632/dance-dev/sweeps/45thnk01,https://wandb.ai/xzy11632/dance-dev/sweeps/wkrq0pst","- type: filter.gene
  target: FilterGenesScanpyOrder
  params:
    order:
    - min_counts
    - min_cells
    - max_counts
    - max_cells
    min_counts: 0.01
    max_counts: 0.99
    min_cells: 0.01
    max_cells: 0.99
- type: normalize
  target: ScaleFeature
  params: {}
- type: filter.gene
  target: HighlyVariableGenesRawCount
  params:
    n_top_genes: 3000
- type: feature.cell
  params:
    out: feature.cell
    log_level: INFO
    split_name: train
  target: WeightedFeatureSVD
- type: graph.cell
  target: CellFeatureGraph
  params:
    cell_feature_channel: feature.cell
- type: misc
  target: SetConfig
  params:
    config_dict:
      label_channel: cell_type
",1.0,all_total_runs:73|all_finished_runs:61|step2_total_runs:30|step2_finished_runs:29|step3_0_total_runs:20|step3_0_finished_runs:18|step3_1_total_runs:20|step3_1_finished_runs:14|step3_2_total_runs:3|step3_2_finished_runs:0|finished_rate:83.56%,False,"- type: filter.gene
  target: FilterGenesScanpyOrder
  params:
    order:
    - min_counts
    - min_cells
    - max_counts
    - max_cells
    min_counts: 0.01
    max_counts: 0.99
    min_cells: 0.01
    max_cells: 0.99
- type: normalize
  target: ScaleFeature
  params: {}
- type: filter.gene
  target: HighlyVariableGenesRawCount
  params:
    n_top_genes: 3000
- type: feature.cell
  params:
    out: feature.cell
    log_level: INFO
    split_name: train
  target: WeightedFeatureSVD
- type: graph.cell
  target: CellFeatureGraph
  params:
    cell_feature_channel: feature.cell
- type: misc
  target: SetConfig
  params:
    config_dict:
      label_channel: cell_type
",1.0,"step2:https://wandb.ai/xzy11632/dance-dev/sweeps/gw31w8jw|step3:https://wandb.ai/xzy11632/dance-dev/sweeps/q1z6uh5e,https://wandb.ai/xzy11632/dance-dev/sweeps/zk27rktr,https://wandb.ai/xzy11632/dance-dev/sweeps/ie7islvw","- type: filter.gene
  target: FilterGenesScanpyOrder
  params:
    order:
    - min_counts
    - min_cells
    - max_counts
    - max_cells
    min_counts: 0.01
    max_counts: 0.99
    min_cells: 0.01
    max_cells: 0.99
- type: normalize
  target: ScTransform
  params:
    processes_num: 8
- type: filter.gene
  target: HighlyVariableGenesRawCount
  params:
    n_top_genes: 3000
- type: feature.cell
  target: SCNFeature
- type: misc
  target: SetConfig
  params:
    config_dict:
      feature_channel: SCNFeature
      label_channel: cell_type
",1.0,all_total_runs:150|all_finished_runs:5|step2_total_runs:90|step2_finished_runs:5|step3_0_total_runs:20|step3_0_finished_runs:0|step3_1_total_runs:20|step3_1_finished_runs:0|step3_2_total_runs:20|step3_2_finished_runs:0|finished_rate:3.33%,True,"- type: filter.gene
  target: FilterGenesScanpyOrder
  params:
    order:
    - min_counts
    - min_cells
    - max_counts
    - max_cells
    min_counts: 0.01
    max_counts: 0.99
    min_cells: 0.01
    max_cells: 0.99
- type: normalize
  target: ScTransform
  params:
    processes_num: 8
- type: filter.gene
  target: HighlyVariableGenesRawCount
  params:
    n_top_genes: 3000
- type: feature.cell
  target: SCNFeature
- type: misc
  target: SetConfig
  params:
    config_dict:
      feature_channel: SCNFeature
      label_channel: cell_type
",1.0,human,Heart,10000,train,train_human_Heart1252c5fb-945f-42d6-b1a8-8a3bd864384b_data.h5ad,https://www.dropbox.com/scl/fi/ulhxkmys6q8cxiucrsc7q/human_Heart1252c5fb-945f-42d6-b1a8-8a3bd864384b_data.h5ad?rlkey=z8lbxq7hevqh6vjozlu9pmfzu&st=wml2yxfx&dl=1,1252c5fb-945f-42d6-b1a8-8a3bd864384b
a68b64d8-aee3-4947-81b7-36b8fe5a44d2_Heart,8.0,10000.0,16445.0,5.0,43335887.0,11382.0,"['cardiac muscle cell', 'fibroblast', 'fibroblast of cardiac tissue', 'pericyte', 'smooth muscle cell']",['normal'],Heart,10000.0,"['cardiac muscle cell', 'fibroblast', 'fibroblast of cardiac tissue', 'pericyte', 'smooth muscle cell']",['normal'],"[""10x 3' v3"", 'Smart-seq2']","[""10x 3' v3"", 'Smart-seq2']",a68b64d8-aee3-4947-81b7-36b8fe5a44d2,0.0,"step2:https://wandb.ai/xzy11632/dance-dev/sweeps/jtqumwbz|step3:https://wandb.ai/xzy11632/dance-dev/sweeps/vgzj4gld,https://wandb.ai/xzy11632/dance-dev/sweeps/d9lprgp5,https://wandb.ai/xzy11632/dance-dev/sweeps/yqm8vozc","- type: filter.gene
  target: FilterGenesPlaceHolder
  params: {}
- type: normalize
  target: ScTransform
  params:
    processes_num: 8
- type: filter.gene
  target: FilterGenesNumberPlaceHolder
  params: {}
- type: feature.cell
  params:
    out: feature.cell
    log_level: INFO
    split_name: train
  target: WeightedFeatureSVD
- type: misc
  target: SetConfig
  params:
    config_dict:
      feature_channel: feature.cell
      label_channel: cell_type
",0.634500026702881,all_total_runs:168|all_finished_runs:167|step2_total_runs:108|step2_finished_runs:107|step3_0_total_runs:20|step3_0_finished_runs:20|step3_1_total_runs:20|step3_1_finished_runs:20|step3_2_total_runs:20|step3_2_finished_runs:20|finished_rate:99.40%,False,"- type: filter.gene
  target: FilterGenesPlaceHolder
  params: {}
- type: normalize
  target: ScTransform
  params:
    processes_num: 8
- type: filter.gene
  target: FilterGenesNumberPlaceHolder
  params: {}
- type: feature.cell
  params:
    out: feature.cell
    log_level: INFO
    split_name: train
  target: WeightedFeatureSVD
- type: misc
  target: SetConfig
  params:
    config_dict:
      feature_channel: feature.cell
      label_channel: cell_type
",0.634500026702881,"step2:https://wandb.ai/xzy11632/dance-dev/sweeps/nlhkwb22|step3:https://wandb.ai/xzy11632/dance-dev/sweeps/twxphnxj,https://wandb.ai/xzy11632/dance-dev/sweeps/tybft55i,https://wandb.ai/xzy11632/dance-dev/sweeps/bc0wd0u6","- type: filter.gene
  target: FilterGenesPlaceHolder
  params: {}
- type: normalize
  target: NormalizePlaceHolder
  params: {}
- type: filter.gene
  target: FilterGenesTopK
  params:
    num_genes: 3000
- type: feature.cell
  params:
    out: feature.cell
    log_level: INFO
  target: GaussRandProjFeature
- type: misc
  target: SetConfig
  params:
    config_dict:
      feature_channel: feature.cell
      label_channel: cell_type
",0.635999977588654,all_total_runs:150|all_finished_runs:104|step2_total_runs:90|step2_finished_runs:57|step3_0_total_runs:20|step3_0_finished_runs:12|step3_1_total_runs:20|step3_1_finished_runs:15|step3_2_total_runs:20|step3_2_finished_runs:20|finished_rate:69.33%,0.0,"- type: filter.gene
  target: FilterGenesPlaceHolder
  params: {}
- type: normalize
  target: NormalizePlaceHolder
  params: {}
- type: filter.gene
  target: FilterGenesTopK
  params:
    num_genes: 3000
- type: feature.cell
  params:
    out: feature.cell
    log_level: INFO
  target: GaussRandProjFeature
- type: misc
  target: SetConfig
  params:
    config_dict:
      feature_channel: feature.cell
      label_channel: cell_type
",0.635999977588654,"step2:https://wandb.ai/xzy11632/dance-dev/sweeps/vtwdjf2c|step3:https://wandb.ai/xzy11632/dance-dev/sweeps/gwu240zu,https://wandb.ai/xzy11632/dance-dev/sweeps/qimex5xw","- type: filter.gene
  target: FilterGenesScanpyOrder
  params:
    order:
    - min_counts
    - min_cells
    - max_counts
    - max_cells
    min_counts: 0.01
    max_counts: 0.99
    min_cells: 0.01
    max_cells: 0.99
- type: normalize
  target: ScaleFeature
  params: {}
- type: filter.gene
  target: HighlyVariableGenesLogarithmizedByTopGenes
  params:
    n_top_genes: 3000
- type: feature.cell
  params:
    out: feature.cell
    log_level: INFO
    split_name: train
  target: WeightedFeaturePCA
- type: graph.cell
  target: CellFeatureGraph
  params:
    cell_feature_channel: feature.cell
- type: misc
  target: SetConfig
  params:
    config_dict:
      label_channel: cell_type
",0.639999985694885,all_total_runs:70|all_finished_runs:68|step2_total_runs:30|step2_finished_runs:30|step3_0_total_runs:20|step3_0_finished_runs:19|step3_1_total_runs:20|step3_1_finished_runs:19|finished_rate:97.14%,False,"- type: filter.gene
  target: FilterGenesScanpyOrder
  params:
    order:
    - min_counts
    - min_cells
    - max_counts
    - max_cells
    min_counts: 0.01
    max_counts: 0.99
    min_cells: 0.01
    max_cells: 0.99
- type: normalize
  target: ScaleFeature
  params: {}
- type: filter.gene
  target: HighlyVariableGenesLogarithmizedByTopGenes
  params:
    n_top_genes: 3000
- type: feature.cell
  params:
    out: feature.cell
    log_level: INFO
    split_name: train
  target: WeightedFeaturePCA
- type: graph.cell
  target: CellFeatureGraph
  params:
    cell_feature_channel: feature.cell
- type: misc
  target: SetConfig
  params:
    config_dict:
      label_channel: cell_type
",0.639999985694885,"step2:https://wandb.ai/xzy11632/dance-dev/sweeps/peyx7dv1|step3:https://wandb.ai/xzy11632/dance-dev/sweeps/e5bg1xxh,https://wandb.ai/xzy11632/dance-dev/sweeps/oo9ud973,https://wandb.ai/xzy11632/dance-dev/sweeps/mxrc3dxv","- type: filter.gene
  target: FilterGenesScanpyOrder
  params:
    order:
    - min_counts
    - min_cells
    - max_counts
    - max_cells
    min_counts: 0.01
    max_counts: 0.99
    min_cells: 0.01
    max_cells: 0.99
- type: normalize
  target: ScTransform
  params:
    processes_num: 8
- type: filter.gene
  target: HighlyVariableGenesLogarithmizedByMeanAndDisp
  params: {}
- type: feature.cell
  target: SCNFeature
- type: misc
  target: SetConfig
  params:
    config_dict:
      feature_channel: SCNFeature
      label_channel: cell_type
",0.6355,all_total_runs:78|all_finished_runs:12|step2_total_runs:18|step2_finished_runs:6|step3_0_total_runs:20|step3_0_finished_runs:0|step3_1_total_runs:20|step3_1_finished_runs:1|step3_2_total_runs:20|step3_2_finished_runs:5|finished_rate:15.38%,True,"- type: filter.gene
  target: FilterGenesScanpyOrder
  params:
    order:
    - min_counts
    - min_cells
    - max_counts
    - max_cells
    min_counts: 0.01
    max_counts: 0.99
    min_cells: 0.01
    max_cells: 0.99
- type: normalize
  target: ScTransform
  params:
    processes_num: 8
- type: filter.gene
  target: HighlyVariableGenesLogarithmizedByMeanAndDisp
  params: {}
- type: feature.cell
  target: SCNFeature
- type: misc
  target: SetConfig
  params:
    config_dict:
      feature_channel: SCNFeature
      label_channel: cell_type
",0.6355,human,Heart,10000,train,train_human_Hearta68b64d8-aee3-4947-81b7-36b8fe5a44d2_data.h5ad,https://www.dropbox.com/scl/fi/ud57pptc2vucgfzbumhi0/human_Hearta68b64d8-aee3-4947-81b7-36b8fe5a44d2_data.h5ad?rlkey=foifku28abrsjmn7fyeo3nzlq&st=2o88drh7&dl=1,a68b64d8-aee3-4947-81b7-36b8fe5a44d2
d567b692-c374-4628-a508-8008f6778f22_Heart,9.0,10000.0,23207.0,12.0,12454184.0,493236.0,"['adipocyte', 'endothelial cell', 'endothelial cell of lymphatic vessel', 'fibroblast', 'lymphocyte', 'mast cell', 'mesothelial cell', 'mural cell', 'myeloid cell', 'neural cell', 'regular atrial cardiac myocyte', 'regular ventricular cardiac myocyte']",['normal'],Heart,10000.0,"['adipocyte', 'endothelial cell', 'endothelial cell of lymphatic vessel', 'fibroblast', 'lymphocyte', 'mast cell', 'mesothelial cell', 'mural cell', 'myeloid cell', 'neural cell', 'regular atrial cardiac myocyte', 'regular ventricular cardiac myocyte']",['normal'],"[""10x 3' v2"", ""10x 3' v3""]","[""10x 3' v2"", ""10x 3' v3""]",d567b692-c374-4628-a508-8008f6778f22,0.0,"step2:https://wandb.ai/xzy11632/dance-dev/sweeps/xaq7ys8y|step3:https://wandb.ai/xzy11632/dance-dev/sweeps/d1ftbkib,https://wandb.ai/xzy11632/dance-dev/sweeps/2ioi3zo7,https://wandb.ai/xzy11632/dance-dev/sweeps/gs9a87ec","- type: filter.gene
  target: FilterGenesPlaceHolder
- type: normalize
  target: Log1P
  params:
    base: 9.300400828934624
- type: filter.gene
  target: FilterGenesTopK
  params:
    num_genes: 170
    top: false
    mode: rv
- type: feature.cell
  target: GaussRandProjFeature
  params:
    out: feature.cell
    log_level: INFO
    n_components: 240
- type: misc
  target: SetConfig
  params:
    config_dict:
      feature_channel: feature.cell
      label_channel: cell_type
",0.310000002384186,all_total_runs:168|all_finished_runs:166|step2_total_runs:108|step2_finished_runs:106|step3_0_total_runs:20|step3_0_finished_runs:20|step3_1_total_runs:20|step3_1_finished_runs:20|step3_2_total_runs:20|step3_2_finished_runs:20|finished_rate:98.81%,False,"- type: filter.gene
  target: FilterGenesPercentile
  params: {}
- type: normalize
  target: Log1P
  params: {}
- type: filter.gene
  target: FilterGenesTopK
  params:
    num_genes: 3000
- type: feature.cell
  params:
    out: feature.cell
    log_level: INFO
    split_name: train
  target: WeightedFeaturePCA
- type: misc
  target: SetConfig
  params:
    config_dict:
      feature_channel: feature.cell
      label_channel: cell_type
",0.307500004768372,"step2:https://wandb.ai/xzy11632/dance-dev/sweeps/cbeaq6gy|step3:https://wandb.ai/xzy11632/dance-dev/sweeps/xgbk719k,https://wandb.ai/xzy11632/dance-dev/sweeps/k4ycha4z,https://wandb.ai/xzy11632/dance-dev/sweeps/1i955fwx","- type: filter.gene
  target: FilterGenesPlaceHolder
- type: normalize
  target: NormalizeTotal
  params:
    target_sum: 1000000
    max_fraction: 0.7
- type: filter.gene
  target: FilterGenesTopK
  params:
    num_genes: 394
    top: true
    mode: cv
- type: feature.cell
  target: WeightedFeaturePCA
  params:
    out: feature.cell
    log_level: INFO
    n_components: 322
    feat_norm_mode: standardize
- type: misc
  target: SetConfig
  params:
    config_dict:
      feature_channel: feature.cell
      label_channel: cell_type
",0.275499999523163,all_total_runs:150|all_finished_runs:146|step2_total_runs:90|step2_finished_runs:88|step3_0_total_runs:20|step3_0_finished_runs:19|step3_1_total_runs:20|step3_1_finished_runs:19|step3_2_total_runs:20|step3_2_finished_runs:20|finished_rate:97.33%,0.0,"- type: filter.gene
  target: FilterGenesPlaceHolder
  params: {}
- type: normalize
  target: NormalizeTotal
  params: {}
- type: filter.gene
  target: FilterGenesTopK
  params:
    num_genes: 3000
- type: feature.cell
  params:
    out: feature.cell
    log_level: INFO
  target: GaussRandProjFeature
- type: misc
  target: SetConfig
  params:
    config_dict:
      feature_channel: feature.cell
      label_channel: cell_type
",0.261000007390976,"step2:https://wandb.ai/xzy11632/dance-dev/sweeps/dzoxahnk|step3:https://wandb.ai/xzy11632/dance-dev/sweeps/5es3twrm,https://wandb.ai/xzy11632/dance-dev/sweeps/2komeieq,https://wandb.ai/xzy11632/dance-dev/sweeps/jqe9r96z","- type: filter.gene
  target: FilterGenesPercentile
  params: {}
- type: normalize
  target: ScaleFeature
  params: {}
- type: filter.gene
  target: FilterGenesTopK
  params:
    num_genes: 3000
- type: feature.cell
  params:
    out: feature.cell
    log_level: INFO
    split_name: train
  target: WeightedFeatureSVD
- type: graph.cell
  target: CellFeatureGraph
  params:
    cell_feature_channel: feature.cell
- type: misc
  target: SetConfig
  params:
    config_dict:
      label_channel: cell_type
",0.292499989271164,all_total_runs:90|all_finished_runs:84|step2_total_runs:30|step2_finished_runs:29|step3_0_total_runs:20|step3_0_finished_runs:18|step3_1_total_runs:20|step3_1_finished_runs:20|step3_2_total_runs:20|step3_2_finished_runs:17|finished_rate:93.33%,False,"- type: filter.gene
  target: FilterGenesPercentile
  params: {}
- type: normalize
  target: ScaleFeature
  params: {}
- type: filter.gene
  target: FilterGenesTopK
  params:
    num_genes: 3000
- type: feature.cell
  params:
    out: feature.cell
    log_level: INFO
    split_name: train
  target: WeightedFeatureSVD
- type: graph.cell
  target: CellFeatureGraph
  params:
    cell_feature_channel: feature.cell
- type: misc
  target: SetConfig
  params:
    config_dict:
      label_channel: cell_type
",0.292499989271164,"step2:https://wandb.ai/xzy11632/dance-dev/sweeps/nrbrd4r9|step3:https://wandb.ai/xzy11632/dance-dev/sweeps/ow2v596l,https://wandb.ai/xzy11632/dance-dev/sweeps/96ozaboy,https://wandb.ai/xzy11632/dance-dev/sweeps/tgfyueug","- type: filter.gene
  target: FilterGenesScanpyOrder
  params:
    order:
    - min_counts
    - min_cells
    - max_counts
    - max_cells
    min_counts: 0.01
    max_counts: 0.99
    min_cells: 0.01
    max_cells: 0.99
- type: normalize
  target: ScTransform
  params:
    processes_num: 8
- type: filter.gene
  target: HighlyVariableGenesLogarithmizedByMeanAndDisp
  params: {}
- type: feature.cell
  target: SCNFeature
- type: misc
  target: SetConfig
  params:
    config_dict:
      feature_channel: SCNFeature
      label_channel: cell_type
",0.2745,all_total_runs:78|all_finished_runs:31|step2_total_runs:18|step2_finished_runs:12|step3_0_total_runs:20|step3_0_finished_runs:0|step3_1_total_runs:20|step3_1_finished_runs:19|step3_2_total_runs:20|step3_2_finished_runs:0|finished_rate:39.74%,True,"- type: filter.gene
  target: FilterGenesScanpyOrder
  params:
    order:
    - min_counts
    - min_cells
    - max_counts
    - max_cells
    min_counts: 0.01
    max_counts: 0.99
    min_cells: 0.01
    max_cells: 0.99
- type: normalize
  target: ScTransform
  params:
    processes_num: 8
- type: filter.gene
  target: HighlyVariableGenesLogarithmizedByMeanAndDisp
  params: {}
- type: feature.cell
  target: SCNFeature
- type: misc
  target: SetConfig
  params:
    config_dict:
      feature_channel: SCNFeature
      label_channel: cell_type
",0.2745,human,Heart,10000,train,train_human_Heartd567b692-c374-4628-a508-8008f6778f22_data.h5ad,https://www.dropbox.com/scl/fi/okl5stq86etyx6zhfaex9/human_Heartd567b692-c374-4628-a508-8008f6778f22_data.h5ad?rlkey=eg9u06l5k0ycw9t4hf9rlz9rh&st=r3henhn9&dl=1,d567b692-c374-4628-a508-8008f6778f22
2adb1f8a-a6b1-4909-8ee8-484814e2d4bf_Heart,10.0,10000.0,4447.0,24.0,3725205.0,10781.0,"['B cell', 'T cell', 'alternatively activated macrophage', 'cell of skeletal muscle', 'cord blood hematopoietic stem cell', 'dendritic cell', 'endothelial cell', 'epithelial cell', 'erythroid lineage cell', 'erythroid progenitor cell', 'fibroblast', 'macrophage', 'mast cell', 'mesenchymal stem cell', 'monocyte', 'myeloid cell', 'neuron', 'neutrophil', 'plasma cell', 'primordial germ cell', 'professional antigen presenting cell', 'smooth muscle cell', 'stromal cell', 'ventricular cardiac muscle cell']",['normal'],Heart,10000.0,"['B cell', 'T cell', 'alternatively activated macrophage', 'cell of skeletal muscle', 'cord blood hematopoietic stem cell', 'dendritic cell', 'endothelial cell', 'epithelial cell', 'erythroid lineage cell', 'erythroid progenitor cell', 'fibroblast', 'macrophage', 'mast cell', 'mesenchymal stem cell', 'monocyte', 'myeloid cell', 'neuron', 'neutrophil', 'plasma cell', 'primordial germ cell', 'professional antigen presenting cell', 'smooth muscle cell', 'stromal cell', 'ventricular cardiac muscle cell']",['normal'],['microwell-seq'],['microwell-seq'],2adb1f8a-a6b1-4909-8ee8-484814e2d4bf,0.0,"step2:https://wandb.ai/xzy11632/dance-dev/sweeps/6snsi9y6|step3:https://wandb.ai/xzy11632/dance-dev/sweeps/01swofvr,https://wandb.ai/xzy11632/dance-dev/sweeps/5xdxkigb,https://wandb.ai/xzy11632/dance-dev/sweeps/wkhpp58d","- type: filter.gene
  target: FilterGenesScanpyOrder
  params:
    order:
    - min_counts
    - min_cells
    - max_counts
    - max_cells
    min_counts: 0.01
    max_counts: 0.99
    min_cells: 0.01
    max_cells: 0.99
- type: normalize
  target: Log1P
  params: {}
- type: filter.gene
  target: FilterGenesNumberPlaceHolder
  params: {}
- type: feature.cell
  params:
    out: feature.cell
    log_level: INFO
    split_name: train
  target: WeightedFeatureSVD
- type: misc
  target: SetConfig
  params:
    config_dict:
      feature_channel: feature.cell
      label_channel: cell_type
",0.33950001001358,all_total_runs:168|all_finished_runs:167|step2_total_runs:108|step2_finished_runs:107|step3_0_total_runs:20|step3_0_finished_runs:20|step3_1_total_runs:20|step3_1_finished_runs:20|step3_2_total_runs:20|step3_2_finished_runs:20|finished_rate:99.40%,False,"- type: filter.gene
  target: FilterGenesScanpyOrder
  params:
    order:
    - min_counts
    - min_cells
    - max_counts
    - max_cells
    min_counts: 0.01
    max_counts: 0.99
    min_cells: 0.01
    max_cells: 0.99
- type: normalize
  target: Log1P
  params: {}
- type: filter.gene
  target: FilterGenesNumberPlaceHolder
  params: {}
- type: feature.cell
  params:
    out: feature.cell
    log_level: INFO
    split_name: train
  target: WeightedFeatureSVD
- type: misc
  target: SetConfig
  params:
    config_dict:
      feature_channel: feature.cell
      label_channel: cell_type
",0.33950001001358,"step2:https://wandb.ai/xzy11632/dance-dev/sweeps/aertzsby|step3:https://wandb.ai/xzy11632/dance-dev/sweeps/wkneduuv,https://wandb.ai/xzy11632/dance-dev/sweeps/0bnw8vcj,https://wandb.ai/xzy11632/dance-dev/sweeps/udhbmdke","- type: filter.gene
  target: FilterGenesScanpyOrder
  params:
    order:
    - min_counts
    - min_cells
    - max_counts
    - max_cells
    min_counts: 0.01
    max_counts: 0.99
    min_cells: 0.01
    max_cells: 0.99
- type: normalize
  target: ScTransform
  params:
    processes_num: 8
- type: filter.gene
  target: HighlyVariableGenesLogarithmizedByTopGenes
  params:
    n_top_genes: 3000
- type: feature.cell
  params:
    out: feature.cell
    log_level: INFO
  target: FeatureCellPlaceHolder
- type: misc
  target: SetConfig
  params:
    config_dict:
      feature_channel: feature.cell
      label_channel: cell_type
",0.297500014305115,all_total_runs:133|all_finished_runs:67|step2_total_runs:90|step2_finished_runs:55|step3_0_total_runs:20|step3_0_finished_runs:1|step3_1_total_runs:3|step3_1_finished_runs:0|step3_2_total_runs:20|step3_2_finished_runs:11|finished_rate:50.38%,1.0,"- type: filter.gene
  target: FilterGenesScanpyOrder
  params:
    order:
    - min_counts
    - min_cells
    - max_counts
    - max_cells
    min_counts: 0.01
    max_counts: 0.99
    min_cells: 0.01
    max_cells: 0.99
- type: normalize
  target: ScTransform
  params:
    processes_num: 8
- type: filter.gene
  target: HighlyVariableGenesLogarithmizedByTopGenes
  params:
    n_top_genes: 3000
- type: feature.cell
  params:
    out: feature.cell
    log_level: INFO
  target: FeatureCellPlaceHolder
- type: misc
  target: SetConfig
  params:
    config_dict:
      feature_channel: feature.cell
      label_channel: cell_type
",0.297500014305115,"step2:https://wandb.ai/xzy11632/dance-dev/sweeps/xht8vmi8|step3:https://wandb.ai/xzy11632/dance-dev/sweeps/rjq99a4p,https://wandb.ai/xzy11632/dance-dev/sweeps/cj0n8kx6,https://wandb.ai/xzy11632/dance-dev/sweeps/igg47n6h","- type: filter.gene
  target: FilterGenesPercentile
  params: {}
- type: normalize
  target: Log1P
  params: {}
- type: filter.gene
  target: HighlyVariableGenesLogarithmizedByMeanAndDisp
  params: {}
- type: feature.cell
  params:
    out: feature.cell
    log_level: INFO
    split_name: train
  target: WeightedFeatureSVD
- type: graph.cell
  target: CellFeatureGraph
  params:
    cell_feature_channel: feature.cell
- type: misc
  target: SetConfig
  params:
    config_dict:
      label_channel: cell_type
",0.34349998831749,all_total_runs:90|all_finished_runs:90|step2_total_runs:30|step2_finished_runs:30|step3_0_total_runs:20|step3_0_finished_runs:20|step3_1_total_runs:20|step3_1_finished_runs:20|step3_2_total_runs:20|step3_2_finished_runs:20|finished_rate:100.00%,False,"- type: filter.gene
  target: FilterGenesPercentile
  params: {}
- type: normalize
  target: Log1P
  params: {}
- type: filter.gene
  target: HighlyVariableGenesLogarithmizedByMeanAndDisp
  params: {}
- type: feature.cell
  params:
    out: feature.cell
    log_level: INFO
    split_name: train
  target: WeightedFeatureSVD
- type: graph.cell
  target: CellFeatureGraph
  params:
    cell_feature_channel: feature.cell
- type: misc
  target: SetConfig
  params:
    config_dict:
      label_channel: cell_type
",0.34349998831749,"step2:https://wandb.ai/xzy11632/dance-dev/sweeps/x7qjkn4f|step3:https://wandb.ai/xzy11632/dance-dev/sweeps/96ffcpgn,https://wandb.ai/xzy11632/dance-dev/sweeps/ciol1z05,https://wandb.ai/xzy11632/dance-dev/sweeps/m69w670v","- type: filter.gene
  target: FilterGenesScanpyOrder
  params:
    order:
    - min_cells
    - min_counts
    - max_cells
    - max_counts
    min_counts: 128
    min_cells: 0.06575043093620396
    max_counts: 0.966596702502236
    max_cells: 0.9971255992880356
- type: normalize
  target: ScaleFeature
  params:
    mode: standardize
    eps: -1
- type: filter.gene
  target: FilterGenesNumberPlaceHolder
- type: feature.cell
  target: SCNFeature
- type: misc
  target: SetConfig
  params:
    config_dict:
      feature_channel: SCNFeature
      label_channel: cell_type
",0.3555,all_total_runs:78|all_finished_runs:53|step2_total_runs:18|step2_finished_runs:16|step3_0_total_runs:20|step3_0_finished_runs:17|step3_1_total_runs:20|step3_1_finished_runs:20|step3_2_total_runs:20|step3_2_finished_runs:0|finished_rate:67.95%,False,"- type: filter.gene
  target: FilterGenesScanpyOrder
  params:
    order:
    - min_counts
    - min_cells
    - max_counts
    - max_cells
    min_counts: 0.01
    max_counts: 0.99
    min_cells: 0.01
    max_cells: 0.99
- type: normalize
  target: NormalizeTotalLog1P
  params: {}
- type: filter.gene
  target: HighlyVariableGenesLogarithmizedByTopGenes
  params:
    n_top_genes: 3000
- type: feature.cell
  target: SCNFeature
- type: misc
  target: SetConfig
  params:
    config_dict:
      feature_channel: SCNFeature
      label_channel: cell_type
",0.352,human,Heart,10000,train,train_human_Heart2adb1f8a-a6b1-4909-8ee8-484814e2d4bf(Heart)_data.h5ad,https://www.dropbox.com/scl/fi/nxd9awxshy5y4ps6ctsqr/human_Heart2adb1f8a-a6b1-4909-8ee8-484814e2d4bf-Heart-_data.h5ad?rlkey=g7je5vl6kaany80tw8jwsioxr&st=2n66z9yc&dl=1,2adb1f8a-a6b1-4909-8ee8-484814e2d4bf
65badd7a-9262-4fd1-9ce2-eb5dc0ca8039_Heart,11.0,10000.0,24749.0,10.0,15578764.0,881081.0,"['adipocyte', 'cardiac muscle cell', 'cardiac neuron', 'endothelial cell', 'fibroblast of cardiac tissue', 'lymphocyte', 'mast cell', 'mural cell', 'myeloid cell', 'unknown']","['arrhythmogenic right ventricular cardiomyopathy', 'dilated cardiomyopathy', 'non-compaction cardiomyopathy', 'normal']",Heart,10000.0,"['adipocyte', 'cardiac muscle cell', 'cardiac neuron', 'endothelial cell', 'fibroblast of cardiac tissue', 'lymphocyte', 'mast cell', 'mural cell', 'myeloid cell', 'unknown']","['arrhythmogenic right ventricular cardiomyopathy', 'dilated cardiomyopathy', 'non-compaction cardiomyopathy', 'normal']","[""10x 3' v2"", ""10x 3' v3""]","[""10x 3' v2"", ""10x 3' v3""]",65badd7a-9262-4fd1-9ce2-eb5dc0ca8039,0.0,"step2:https://wandb.ai/xzy11632/dance-dev/sweeps/vn7jz2td|step3:https://wandb.ai/xzy11632/dance-dev/sweeps/3q9poi0r,https://wandb.ai/xzy11632/dance-dev/sweeps/xre9n2av,https://wandb.ai/xzy11632/dance-dev/sweeps/u5dmrjsz","- type: filter.gene
  target: FilterGenesScanpyOrder
  params:
    order:
    - min_counts
    - min_cells
    - max_counts
    - max_cells
    min_counts: 0.01
    max_counts: 0.99
    min_cells: 0.01
    max_cells: 0.99
- type: normalize
  target: Log1P
  params: {}
- type: filter.gene
  target: HighlyVariableGenesLogarithmizedByTopGenes
  params:
    n_top_genes: 3000
- type: feature.cell
  params:
    out: feature.cell
    log_level: INFO
    split_name: train
  target: WeightedFeatureSVD
- type: misc
  target: SetConfig
  params:
    config_dict:
      feature_channel: feature.cell
      label_channel: cell_type
",0.369500011205673,all_total_runs:168|all_finished_runs:162|step2_total_runs:108|step2_finished_runs:104|step3_0_total_runs:20|step3_0_finished_runs:20|step3_1_total_runs:20|step3_1_finished_runs:20|step3_2_total_runs:20|step3_2_finished_runs:18|finished_rate:96.43%,False,"- type: filter.gene
  target: FilterGenesScanpyOrder
  params:
    order:
    - min_counts
    - min_cells
    - max_counts
    - max_cells
    min_counts: 0.01
    max_counts: 0.99
    min_cells: 0.01
    max_cells: 0.99
- type: normalize
  target: Log1P
  params: {}
- type: filter.gene
  target: HighlyVariableGenesLogarithmizedByTopGenes
  params:
    n_top_genes: 3000
- type: feature.cell
  params:
    out: feature.cell
    log_level: INFO
    split_name: train
  target: WeightedFeatureSVD
- type: misc
  target: SetConfig
  params:
    config_dict:
      feature_channel: feature.cell
      label_channel: cell_type
",0.369500011205673,"step2:https://wandb.ai/xzy11632/dance-dev/sweeps/smqwzaq8|step3:https://wandb.ai/xzy11632/dance-dev/sweeps/nitspguk,https://wandb.ai/xzy11632/dance-dev/sweeps/rvg0g1t5,https://wandb.ai/xzy11632/dance-dev/sweeps/rfd0pxd7","- type: filter.gene
  target: FilterGenesPlaceHolder
- type: normalize
  target: ScaleFeature
  params:
    mode: standardize
    eps: 0.7
- type: filter.gene
  target: FilterGenesTopK
  params:
    num_genes: 3305
    top: true
    mode: rv
- type: feature.cell
  target: WeightedFeaturePCA
  params:
    out: feature.cell
    log_level: INFO
    n_components: 275
    feat_norm_mode: minmax
- type: misc
  target: SetConfig
  params:
    config_dict:
      feature_channel: feature.cell
      label_channel: cell_type
",0.347499996423721,all_total_runs:150|all_finished_runs:114|step2_total_runs:90|step2_finished_runs:54|step3_0_total_runs:20|step3_0_finished_runs:20|step3_1_total_runs:20|step3_1_finished_runs:20|step3_2_total_runs:20|step3_2_finished_runs:20|finished_rate:76.00%,0.0,"- type: filter.gene
  target: FilterGenesPlaceHolder
  params: {}
- type: normalize
  target: ScaleFeature
  params: {}
- type: filter.gene
  target: FilterGenesTopK
  params:
    num_genes: 3000
- type: feature.cell
  params:
    out: feature.cell
    log_level: INFO
    split_name: train
  target: WeightedFeatureSVD
- type: misc
  target: SetConfig
  params:
    config_dict:
      feature_channel: feature.cell
      label_channel: cell_type
",0.307500004768372,step2:https://wandb.ai/xzy11632/dance-dev/sweeps/qexmh04r|step3:,"- type: filter.gene
  target: FilterGenesPlaceHolder
  params: {}
- type: normalize
  target: Log1P
  params: {}
- type: filter.gene
  target: FilterGenesTopK
  params:
    num_genes: 3000
- type: feature.cell
  params:
    out: feature.cell
    log_level: INFO
    split_name: train
  target: WeightedFeatureSVD
- type: graph.cell
  target: CellFeatureGraph
  params:
    cell_feature_channel: feature.cell
- type: misc
  target: SetConfig
  params:
    config_dict:
      label_channel: cell_type
",0.353500008583069,all_total_runs:30|all_finished_runs:29|step2_total_runs:30|step2_finished_runs:29|finished_rate:96.67%,False,"- type: filter.gene
  target: FilterGenesPlaceHolder
  params: {}
- type: normalize
  target: Log1P
  params: {}
- type: filter.gene
  target: FilterGenesTopK
  params:
    num_genes: 3000
- type: feature.cell
  params:
    out: feature.cell
    log_level: INFO
    split_name: train
  target: WeightedFeatureSVD
- type: graph.cell
  target: CellFeatureGraph
  params:
    cell_feature_channel: feature.cell
- type: misc
  target: SetConfig
  params:
    config_dict:
      label_channel: cell_type
",0.353500008583069,"step2:https://wandb.ai/xzy11632/dance-dev/sweeps/gi8nkrz3|step3:https://wandb.ai/xzy11632/dance-dev/sweeps/xjt73nb5,https://wandb.ai/xzy11632/dance-dev/sweeps/i13lgqml,https://wandb.ai/xzy11632/dance-dev/sweeps/sc8fjitz","- type: filter.gene
  target: FilterGenesScanpyOrder
  params:
    order:
    - min_counts
    - min_cells
    - max_counts
    - max_cells
    min_counts: 0.01
    max_counts: 0.99
    min_cells: 0.01
    max_cells: 0.99
- type: normalize
  target: ScTransform
  params:
    processes_num: 8
- type: filter.gene
  target: HighlyVariableGenesLogarithmizedByMeanAndDisp
  params: {}
- type: feature.cell
  target: SCNFeature
- type: misc
  target: SetConfig
  params:
    config_dict:
      feature_channel: SCNFeature
      label_channel: cell_type
",0.3465,all_total_runs:61|all_finished_runs:34|step2_total_runs:18|step2_finished_runs:13|step3_0_total_runs:3|step3_0_finished_runs:0|step3_1_total_runs:20|step3_1_finished_runs:19|step3_2_total_runs:20|step3_2_finished_runs:2|finished_rate:55.74%,True,"- type: filter.gene
  target: FilterGenesScanpyOrder
  params:
    order:
    - min_counts
    - min_cells
    - max_counts
    - max_cells
    min_counts: 0.01
    max_counts: 0.99
    min_cells: 0.01
    max_cells: 0.99
- type: normalize
  target: ScTransform
  params:
    processes_num: 8
- type: filter.gene
  target: HighlyVariableGenesLogarithmizedByMeanAndDisp
  params: {}
- type: feature.cell
  target: SCNFeature
- type: misc
  target: SetConfig
  params:
    config_dict:
      feature_channel: SCNFeature
      label_channel: cell_type
",0.3465,human,Heart,10000,train,train_human_Heart65badd7a-9262-4fd1-9ce2-eb5dc0ca8039_data.h5ad,https://www.dropbox.com/scl/fi/uxd1yhbc98ayx4f0ap4h8/human_Heart65badd7a-9262-4fd1-9ce2-eb5dc0ca8039_data.h5ad?rlkey=aa7f5rylwxzxyc7ue0efvc1kb&st=0rt0d1lr&dl=1,65badd7a-9262-4fd1-9ce2-eb5dc0ca8039
f7c1c579-2dc0-47e2-ba19-8165c5a0e353_Heart,12.0,10000.0,12304.0,15.0,3652715.0,90143.0,"['Schwann cell', 'cardiac muscle cell', 'dermis microvascular lymphatic vessel endothelial cell', 'endocardial cell', 'endothelial cell of lymphatic vessel', 'endothelial cell of vascular tree', 'epicardial adipocyte', 'erythroblast', 'innate lymphoid cell', 'megakaryocyte', 'myeloid cell', 'regular atrial cardiac myocyte', 'smooth muscle cell', 'stromal cell', 'ventricular cardiac muscle cell', 'visceromotor neuron']",['normal'],Heart,10000.0,"['Schwann cell', 'cardiac muscle cell', 'dermis microvascular lymphatic vessel endothelial cell', 'endocardial cell', 'endothelial cell of lymphatic vessel', 'endothelial cell of vascular tree', 'epicardial adipocyte', 'innate lymphoid cell', 'megakaryocyte', 'myeloid cell', 'regular atrial cardiac myocyte', 'smooth muscle cell', 'stromal cell', 'ventricular cardiac muscle cell', 'visceromotor neuron']",['normal'],['sci-RNA-seq'],['sci-RNA-seq'],f7c1c579-2dc0-47e2-ba19-8165c5a0e353,0.0,"step2:https://wandb.ai/xzy11632/dance-dev/sweeps/7t9upzp1|step3:https://wandb.ai/xzy11632/dance-dev/sweeps/3g0hx499,https://wandb.ai/xzy11632/dance-dev/sweeps/2n7wqdle,https://wandb.ai/xzy11632/dance-dev/sweeps/tekamddp","- type: filter.gene
  target: FilterGenesPlaceHolder
  params: {}
- type: normalize
  target: Log1P
  params: {}
- type: filter.gene
  target: FilterGenesRegression
  params:
    num_genes: 3000
- type: feature.cell
  params:
    out: feature.cell
    log_level: INFO
  target: GaussRandProjFeature
- type: misc
  target: SetConfig
  params:
    config_dict:
      feature_channel: feature.cell
      label_channel: cell_type
",0.657000005245209,all_total_runs:168|all_finished_runs:167|step2_total_runs:108|step2_finished_runs:108|step3_0_total_runs:20|step3_0_finished_runs:20|step3_1_total_runs:20|step3_1_finished_runs:20|step3_2_total_runs:20|step3_2_finished_runs:19|finished_rate:99.40%,False,"- type: filter.gene
  target: FilterGenesPlaceHolder
  params: {}
- type: normalize
  target: Log1P
  params: {}
- type: filter.gene
  target: FilterGenesRegression
  params:
    num_genes: 3000
- type: feature.cell
  params:
    out: feature.cell
    log_level: INFO
  target: GaussRandProjFeature
- type: misc
  target: SetConfig
  params:
    config_dict:
      feature_channel: feature.cell
      label_channel: cell_type
",0.657000005245209,"step2:https://wandb.ai/xzy11632/dance-dev/sweeps/u04a59j4|step3:https://wandb.ai/xzy11632/dance-dev/sweeps/irqu660k,https://wandb.ai/xzy11632/dance-dev/sweeps/xmtbzg81,https://wandb.ai/xzy11632/dance-dev/sweeps/4kk6pq3m","- type: filter.gene
  target: FilterGenesPercentile
  params: {}
- type: normalize
  target: ScTransform
  params:
    processes_num: 8
- type: filter.gene
  target: HighlyVariableGenesLogarithmizedByMeanAndDisp
  params: {}
- type: feature.cell
  params:
    out: feature.cell
    log_level: INFO
    split_name: train
  target: WeightedFeatureSVD
- type: misc
  target: SetConfig
  params:
    config_dict:
      feature_channel: feature.cell
      label_channel: cell_type
",0.635999977588654,all_total_runs:133|all_finished_runs:80|step2_total_runs:90|step2_finished_runs:62|step3_0_total_runs:3|step3_0_finished_runs:0|step3_1_total_runs:20|step3_1_finished_runs:0|step3_2_total_runs:20|step3_2_finished_runs:18|finished_rate:60.15%,0.0,"- type: filter.gene
  target: FilterGenesPercentile
  params: {}
- type: normalize
  target: ScTransform
  params:
    processes_num: 8
- type: filter.gene
  target: HighlyVariableGenesLogarithmizedByMeanAndDisp
  params: {}
- type: feature.cell
  params:
    out: feature.cell
    log_level: INFO
    split_name: train
  target: WeightedFeatureSVD
- type: misc
  target: SetConfig
  params:
    config_dict:
      feature_channel: feature.cell
      label_channel: cell_type
",0.635999977588654,"step2:https://wandb.ai/xzy11632/dance-dev/sweeps/616lfjmo|step3:https://wandb.ai/xzy11632/dance-dev/sweeps/w2ep2oji,https://wandb.ai/xzy11632/dance-dev/sweeps/omvnp0tr,https://wandb.ai/xzy11632/dance-dev/sweeps/gcj5qh7p","- type: filter.gene
  target: FilterGenesPlaceHolder
- type: normalize
  target: Log1P
  params:
    base: 8.571003783954133
- type: filter.gene
  target: FilterGenesRegression
  params:
    method: seurat3
    num_genes: 5093
- type: feature.cell
  target: WeightedFeatureSVD
  params:
    out: feature.cell
    log_level: INFO
    n_components: 992
    feat_norm_mode: l2
- type: graph.cell
  target: CellFeatureGraph
  params:
    cell_feature_channel: feature.cell
- type: misc
  target: SetConfig
  params:
    config_dict:
      label_channel: cell_type
",0.646000027656555,all_total_runs:90|all_finished_runs:84|step2_total_runs:30|step2_finished_runs:30|step3_0_total_runs:20|step3_0_finished_runs:20|step3_1_total_runs:20|step3_1_finished_runs:14|step3_2_total_runs:20|step3_2_finished_runs:20|finished_rate:93.33%,False,"- type: filter.gene
  target: FilterGenesScanpyOrder
  params:
    order:
    - min_counts
    - min_cells
    - max_counts
    - max_cells
    min_counts: 0.01
    max_counts: 0.99
    min_cells: 0.01
    max_cells: 0.99
- type: normalize
  target: NormalizeTotal
  params: {}
- type: filter.gene
  target: HighlyVariableGenesRawCount
  params:
    n_top_genes: 3000
- type: feature.cell
  params:
    out: feature.cell
    log_level: INFO
    split_name: train
  target: WeightedFeaturePCA
- type: graph.cell
  target: CellFeatureGraph
  params:
    cell_feature_channel: feature.cell
- type: misc
  target: SetConfig
  params:
    config_dict:
      label_channel: cell_type
",0.645500004291534,"step2:https://wandb.ai/xzy11632/dance-dev/sweeps/nlswkevo|step3:https://wandb.ai/xzy11632/dance-dev/sweeps/fd4zfrcm,https://wandb.ai/xzy11632/dance-dev/sweeps/87jxcj67,https://wandb.ai/xzy11632/dance-dev/sweeps/pxhtyom7","- type: filter.gene
  target: FilterGenesScanpyOrder
  params:
    order:
    - min_counts
    - min_cells
    - max_counts
    - max_cells
    min_counts: 0.01
    max_counts: 0.99
    min_cells: 0.01
    max_cells: 0.99
- type: normalize
  target: ScaleFeature
  params: {}
- type: filter.gene
  target: FilterGenesRegression
  params:
    num_genes: 3000
- type: feature.cell
  target: SCNFeature
- type: misc
  target: SetConfig
  params:
    config_dict:
      feature_channel: SCNFeature
      label_channel: cell_type
",0.657,all_total_runs:78|all_finished_runs:74|step2_total_runs:18|step2_finished_runs:15|step3_0_total_runs:20|step3_0_finished_runs:20|step3_1_total_runs:20|step3_1_finished_runs:19|step3_2_total_runs:20|step3_2_finished_runs:20|finished_rate:94.87%,False,"- type: filter.gene
  target: FilterGenesScanpyOrder
  params:
    order:
    - min_counts
    - min_cells
    - max_counts
    - max_cells
    min_counts: 0.01
    max_counts: 0.99
    min_cells: 0.01
    max_cells: 0.99
- type: normalize
  target: ScaleFeature
  params: {}
- type: filter.gene
  target: FilterGenesRegression
  params:
    num_genes: 3000
- type: feature.cell
  target: SCNFeature
- type: misc
  target: SetConfig
  params:
    config_dict:
      feature_channel: SCNFeature
      label_channel: cell_type
",0.657,human,Heart,10000,train,train_human_Heartf7c1c579-2dc0-47e2-ba19-8165c5a0e353_data.h5ad,https://www.dropbox.com/scl/fi/gb98ycqcu24ewonalqjpo/human_Heartf7c1c579-2dc0-47e2-ba19-8165c5a0e353_data.h5ad?rlkey=u8d2ovqkrhptigqmucm7qijde&st=dxhu640r&dl=1,f7c1c579-2dc0-47e2-ba19-8165c5a0e353
c5d88abe-f23a-45fa-a534-788985e93dad_Heart,17.0,1067.0,8291.0,7.0,3113539.0,1067.0,"['B cell', 'T cell', 'erythrocyte', 'macrophage', 'mast cell', 'mature NK T cell', 'plasma cell']",['normal'],Heart,,,,"[""10x 3' v3"", 'Smart-seq2']",,c5d88abe-f23a-45fa-a534-788985e93dad,0.0,"step2:https://wandb.ai/xzy11632/dance-dev/sweeps/cq2q59zd|step3:https://wandb.ai/xzy11632/dance-dev/sweeps/0tyosvu4,https://wandb.ai/xzy11632/dance-dev/sweeps/ktdfuhe2,https://wandb.ai/xzy11632/dance-dev/sweeps/mofozysu","- type: filter.gene
  target: FilterGenesPercentile
  params: {}
- type: normalize
  target: NormalizeTotal
  params: {}
- type: filter.gene
  target: FilterGenesRegression
  params:
    num_genes: 3000
- type: feature.cell
  params:
    out: feature.cell
    log_level: INFO
  target: GaussRandProjFeature
- type: misc
  target: SetConfig
  params:
    config_dict:
      feature_channel: feature.cell
      label_channel: cell_type
",0.822429895401001,all_total_runs:168|all_finished_runs:168|step2_total_runs:108|step2_finished_runs:108|step3_0_total_runs:20|step3_0_finished_runs:20|step3_1_total_runs:20|step3_1_finished_runs:20|step3_2_total_runs:20|step3_2_finished_runs:20|finished_rate:100.00%,False,"- type: filter.gene
  target: FilterGenesPercentile
  params: {}
- type: normalize
  target: NormalizeTotal
  params: {}
- type: filter.gene
  target: FilterGenesRegression
  params:
    num_genes: 3000
- type: feature.cell
  params:
    out: feature.cell
    log_level: INFO
  target: GaussRandProjFeature
- type: misc
  target: SetConfig
  params:
    config_dict:
      feature_channel: feature.cell
      label_channel: cell_type
",0.822429895401001,"step2:https://wandb.ai/xzy11632/dance-dev/sweeps/por3l14r|step3:https://wandb.ai/xzy11632/dance-dev/sweeps/sqioj9a6,https://wandb.ai/xzy11632/dance-dev/sweeps/ktwham8o,https://wandb.ai/xzy11632/dance-dev/sweeps/xupso29d","- type: filter.gene
  target: FilterGenesPercentile
  params:
    min_val: 3
    max_val: 97
    mode: sum
- type: normalize
  target: NormalizeTotalLog1P
  params:
    base: 4.911947707103444
    target_sum: 100000
    max_fraction: 0.05
- type: filter.gene
  target: FilterGenesRegression
  params:
    method: scmap
    num_genes: 1190
- type: feature.cell
  target: FeatureCellPlaceHolder
  params:
    out: feature.cell
    log_level: INFO
- type: misc
  target: SetConfig
  params:
    config_dict:
      feature_channel: feature.cell
      label_channel: cell_type
",0.84112149477005,all_total_runs:150|all_finished_runs:80|step2_total_runs:90|step2_finished_runs:57|step3_0_total_runs:20|step3_0_finished_runs:10|step3_1_total_runs:20|step3_1_finished_runs:13|step3_2_total_runs:20|step3_2_finished_runs:0|finished_rate:53.33%,1.0,"- type: filter.gene
  target: FilterGenesPlaceHolder
  params: {}
- type: normalize
  target: ScTransform
  params:
    processes_num: 8
- type: filter.gene
  target: FilterGenesRegression
  params:
    num_genes: 3000
- type: feature.cell
  params:
    out: feature.cell
    log_level: INFO
    split_name: train
  target: WeightedFeatureSVD
- type: misc
  target: SetConfig
  params:
    config_dict:
      feature_channel: feature.cell
      label_channel: cell_type
",0.836448609828949,"step2:https://wandb.ai/xzy11632/dance-dev/sweeps/etftavz9|step3:https://wandb.ai/xzy11632/dance-dev/sweeps/dzsklmd6,https://wandb.ai/xzy11632/dance-dev/sweeps/ljqwpf72","- type: filter.gene
  target: FilterGenesScanpyOrder
  params:
    order:
    - min_counts
    - min_cells
    - max_counts
    - max_cells
    min_counts: 0.01
    max_counts: 0.99
    min_cells: 0.01
    max_cells: 0.99
- type: normalize
  target: ScaleFeature
  params: {}
- type: filter.gene
  target: HighlyVariableGenesRawCount
  params:
    n_top_genes: 3000
- type: feature.cell
  params:
    out: feature.cell
    log_level: INFO
    split_name: train
  target: WeightedFeatureSVD
- type: graph.cell
  target: CellFeatureGraph
  params:
    cell_feature_channel: feature.cell
- type: misc
  target: SetConfig
  params:
    config_dict:
      label_channel: cell_type
",0.831775724887848,all_total_runs:53|all_finished_runs:47|step2_total_runs:30|step2_finished_runs:30|step3_0_total_runs:3|step3_0_finished_runs:0|step3_1_total_runs:20|step3_1_finished_runs:17|finished_rate:88.68%,False,"- type: filter.gene
  target: FilterGenesScanpyOrder
  params:
    order:
    - min_counts
    - min_cells
    - max_counts
    - max_cells
    min_counts: 0.01
    max_counts: 0.99
    min_cells: 0.01
    max_cells: 0.99
- type: normalize
  target: ScaleFeature
  params: {}
- type: filter.gene
  target: HighlyVariableGenesRawCount
  params:
    n_top_genes: 3000
- type: feature.cell
  params:
    out: feature.cell
    log_level: INFO
    split_name: train
  target: WeightedFeatureSVD
- type: graph.cell
  target: CellFeatureGraph
  params:
    cell_feature_channel: feature.cell
- type: misc
  target: SetConfig
  params:
    config_dict:
      label_channel: cell_type
",0.831775724887848,"step2:https://wandb.ai/xzy11632/dance-dev/sweeps/a01zb4i5|step3:https://wandb.ai/xzy11632/dance-dev/sweeps/sj9ace6r,https://wandb.ai/xzy11632/dance-dev/sweeps/rf2foom4,https://wandb.ai/xzy11632/dance-dev/sweeps/j9kp25uf","- type: filter.gene
  target: FilterGenesPercentile
  params: {}
- type: normalize
  target: ScTransform
  params:
    processes_num: 8
- type: filter.gene
  target: HighlyVariableGenesRawCount
  params:
    n_top_genes: 3000
- type: feature.cell
  target: SCNFeature
- type: misc
  target: SetConfig
  params:
    config_dict:
      feature_channel: SCNFeature
      label_channel: cell_type
",0.827102803738318,all_total_runs:78|all_finished_runs:26|step2_total_runs:18|step2_finished_runs:10|step3_0_total_runs:20|step3_0_finished_runs:5|step3_1_total_runs:20|step3_1_finished_runs:1|step3_2_total_runs:20|step3_2_finished_runs:10|finished_rate:33.33%,True,"- type: filter.gene
  target: FilterGenesPercentile
  params: {}
- type: normalize
  target: ScTransform
  params:
    processes_num: 8
- type: filter.gene
  target: HighlyVariableGenesRawCount
  params:
    n_top_genes: 3000
- type: feature.cell
  target: SCNFeature
- type: misc
  target: SetConfig
  params:
    config_dict:
      feature_channel: SCNFeature
      label_channel: cell_type
",0.827102803738318,human,Heart,1067,train,train_human_Heartc5d88abe-f23a-45fa-a534-788985e93dad_data.h5ad,https://www.dropbox.com/scl/fi/4t7rimzdbu614qicv7ac1/human_Heartc5d88abe-f23a-45fa-a534-788985e93dad_data.h5ad?rlkey=eih47wtd6txwtchaobnwb13qu&st=3zflcxrk&dl=1,c5d88abe-f23a-45fa-a534-788985e93dad
83b5e943-a1d5-4164-b3f2-f7a37f01b524_Heart,18.0,2839.0,1726.0,1.0,624189.0,2839.0,['cardiac neuron'],"['arrhythmogenic right ventricular cardiomyopathy', 'dilated cardiomyopathy', 'non-compaction cardiomyopathy', 'normal']",Heart,,,,"[""10x 3' v2"", ""10x 3' v3""]",,83b5e943-a1d5-4164-b3f2-f7a37f01b524,0.0,"step2:https://wandb.ai/xzy11632/dance-dev/sweeps/22sp9njj|step3:https://wandb.ai/xzy11632/dance-dev/sweeps/dqjsmw1e,https://wandb.ai/xzy11632/dance-dev/sweeps/wv082g9s,https://wandb.ai/xzy11632/dance-dev/sweeps/jj4m28z8","- type: filter.gene
  target: FilterGenesScanpyOrder
  params:
    order:
    - min_counts
    - min_cells
    - max_counts
    - max_cells
    min_counts: 0.01
    max_counts: 0.99
    min_cells: 0.01
    max_cells: 0.99
- type: normalize
  target: ScaleFeature
  params: {}
- type: filter.gene
  target: HighlyVariableGenesRawCount
  params:
    n_top_genes: 3000
- type: feature.cell
  params:
    out: feature.cell
    log_level: INFO
    split_name: train
  target: WeightedFeatureSVD
- type: misc
  target: SetConfig
  params:
    config_dict:
      feature_channel: feature.cell
      label_channel: cell_type
",1.0,all_total_runs:168|all_finished_runs:157|step2_total_runs:108|step2_finished_runs:101|step3_0_total_runs:20|step3_0_finished_runs:20|step3_1_total_runs:20|step3_1_finished_runs:16|step3_2_total_runs:20|step3_2_finished_runs:20|finished_rate:93.45%,False,"- type: filter.gene
  target: FilterGenesScanpyOrder
  params:
    order:
    - min_counts
    - min_cells
    - max_counts
    - max_cells
    min_counts: 0.01
    max_counts: 0.99
    min_cells: 0.01
    max_cells: 0.99
- type: normalize
  target: ScaleFeature
  params: {}
- type: filter.gene
  target: HighlyVariableGenesRawCount
  params:
    n_top_genes: 3000
- type: feature.cell
  params:
    out: feature.cell
    log_level: INFO
    split_name: train
  target: WeightedFeatureSVD
- type: misc
  target: SetConfig
  params:
    config_dict:
      feature_channel: feature.cell
      label_channel: cell_type
",1.0,,,,,,,,"step2:https://wandb.ai/xzy11632/dance-dev/sweeps/73ww94ko|step3:https://wandb.ai/xzy11632/dance-dev/sweeps/lhnfv8rw,https://wandb.ai/xzy11632/dance-dev/sweeps/issrl1ei,https://wandb.ai/xzy11632/dance-dev/sweeps/bxz9ux9r","- type: filter.gene
  target: FilterGenesScanpyOrder
  params:
    order:
    - min_counts
    - min_cells
    - max_counts
    - max_cells
    min_counts: 0.01
    max_counts: 0.99
    min_cells: 0.01
    max_cells: 0.99
- type: normalize
  target: ScaleFeature
  params: {}
- type: filter.gene
  target: HighlyVariableGenesRawCount
  params:
    n_top_genes: 3000
- type: feature.cell
  params:
    out: feature.cell
    log_level: INFO
    split_name: train
  target: WeightedFeatureSVD
- type: graph.cell
  target: CellFeatureGraph
  params:
    cell_feature_channel: feature.cell
- type: misc
  target: SetConfig
  params:
    config_dict:
      label_channel: cell_type
",1.0,all_total_runs:56|all_finished_runs:45|step2_total_runs:30|step2_finished_runs:30|step3_0_total_runs:20|step3_0_finished_runs:15|step3_1_total_runs:3|step3_1_finished_runs:0|step3_2_total_runs:3|step3_2_finished_runs:0|finished_rate:80.36%,False,"- type: filter.gene
  target: FilterGenesScanpyOrder
  params:
    order:
    - min_counts
    - min_cells
    - max_counts
    - max_cells
    min_counts: 0.01
    max_counts: 0.99
    min_cells: 0.01
    max_cells: 0.99
- type: normalize
  target: ScaleFeature
  params: {}
- type: filter.gene
  target: HighlyVariableGenesRawCount
  params:
    n_top_genes: 3000
- type: feature.cell
  params:
    out: feature.cell
    log_level: INFO
    split_name: train
  target: WeightedFeatureSVD
- type: graph.cell
  target: CellFeatureGraph
  params:
    cell_feature_channel: feature.cell
- type: misc
  target: SetConfig
  params:
    config_dict:
      label_channel: cell_type
",1.0,"step2:https://wandb.ai/xzy11632/dance-dev/sweeps/y0qtxk9j|step3:https://wandb.ai/xzy11632/dance-dev/sweeps/89ktap1p,https://wandb.ai/xzy11632/dance-dev/sweeps/azcxx0ct,https://wandb.ai/xzy11632/dance-dev/sweeps/bngtcxw7","- type: filter.gene
  target: FilterGenesScanpyOrder
  params:
    order:
    - min_counts
    - min_cells
    - max_counts
    - max_cells
    min_counts: 0.01
    max_counts: 0.99
    min_cells: 0.01
    max_cells: 0.99
- type: normalize
  target: ScTransform
  params:
    processes_num: 8
- type: filter.gene
  target: HighlyVariableGenesRawCount
  params:
    n_top_genes: 3000
- type: feature.cell
  target: SCNFeature
- type: misc
  target: SetConfig
  params:
    config_dict:
      feature_channel: SCNFeature
      label_channel: cell_type
",1.0,all_total_runs:133|all_finished_runs:4|step2_total_runs:90|step2_finished_runs:3|step3_0_total_runs:3|step3_0_finished_runs:0|step3_1_total_runs:20|step3_1_finished_runs:1|step3_2_total_runs:20|step3_2_finished_runs:0|finished_rate:3.01%,True,"- type: filter.gene
  target: FilterGenesScanpyOrder
  params:
    order:
    - min_counts
    - min_cells
    - max_counts
    - max_cells
    min_counts: 0.01
    max_counts: 0.99
    min_cells: 0.01
    max_cells: 0.99
- type: normalize
  target: ScTransform
  params:
    processes_num: 8
- type: filter.gene
  target: HighlyVariableGenesRawCount
  params:
    n_top_genes: 3000
- type: feature.cell
  target: SCNFeature
- type: misc
  target: SetConfig
  params:
    config_dict:
      feature_channel: SCNFeature
      label_channel: cell_type
",1.0,human,Heart,2839,train,train_human_Heart83b5e943-a1d5-4164-b3f2-f7a37f01b524_data.h5ad,https://www.dropbox.com/scl/fi/o8vppxwumzh58her9ifxu/human_Heart83b5e943-a1d5-4164-b3f2-f7a37f01b524_data.h5ad?rlkey=iyr5mrhxeisrj5n6pfs2ogdwd&st=vlkpmn65&dl=1,83b5e943-a1d5-4164-b3f2-f7a37f01b524
bdf69f8d-5a96-4d6f-a9f5-9ee0e33597b7_Heart,19.0,2576.0,7260.0,1.0,4555797.0,2576.0,['adipocyte'],"['arrhythmogenic right ventricular cardiomyopathy', 'dilated cardiomyopathy', 'non-compaction cardiomyopathy', 'normal']",Heart,,,,"[""10x 3' v2"", ""10x 3' v3""]",,bdf69f8d-5a96-4d6f-a9f5-9ee0e33597b7,0.0,"step2:https://wandb.ai/xzy11632/dance-dev/sweeps/gmz4238w|step3:https://wandb.ai/xzy11632/dance-dev/sweeps/76tvun91,https://wandb.ai/xzy11632/dance-dev/sweeps/qh1rdn95,https://wandb.ai/xzy11632/dance-dev/sweeps/4uf54c2c","- type: filter.gene
  target: FilterGenesScanpyOrder
  params:
    order:
    - min_counts
    - min_cells
    - max_counts
    - max_cells
    min_counts: 0.01
    max_counts: 0.99
    min_cells: 0.01
    max_cells: 0.99
- type: normalize
  target: ScaleFeature
  params: {}
- type: filter.gene
  target: HighlyVariableGenesRawCount
  params:
    n_top_genes: 3000
- type: feature.cell
  params:
    out: feature.cell
    log_level: INFO
    split_name: train
  target: WeightedFeatureSVD
- type: misc
  target: SetConfig
  params:
    config_dict:
      feature_channel: feature.cell
      label_channel: cell_type
",1.0,all_total_runs:168|all_finished_runs:156|step2_total_runs:108|step2_finished_runs:106|step3_0_total_runs:20|step3_0_finished_runs:20|step3_1_total_runs:20|step3_1_finished_runs:14|step3_2_total_runs:20|step3_2_finished_runs:16|finished_rate:92.86%,False,"- type: filter.gene
  target: FilterGenesScanpyOrder
  params:
    order:
    - min_counts
    - min_cells
    - max_counts
    - max_cells
    min_counts: 0.01
    max_counts: 0.99
    min_cells: 0.01
    max_cells: 0.99
- type: normalize
  target: ScaleFeature
  params: {}
- type: filter.gene
  target: HighlyVariableGenesRawCount
  params:
    n_top_genes: 3000
- type: feature.cell
  params:
    out: feature.cell
    log_level: INFO
    split_name: train
  target: WeightedFeatureSVD
- type: misc
  target: SetConfig
  params:
    config_dict:
      feature_channel: feature.cell
      label_channel: cell_type
",1.0,,,,,,,,step2:https://wandb.ai/xzy11632/dance-dev/sweeps/h8izp34x|step3:,"- type: filter.gene
  target: FilterGenesScanpyOrder
  params:
    order:
    - min_counts
    - min_cells
    - max_counts
    - max_cells
    min_counts: 0.01
    max_counts: 0.99
    min_cells: 0.01
    max_cells: 0.99
- type: normalize
  target: ScaleFeature
  params: {}
- type: filter.gene
  target: HighlyVariableGenesRawCount
  params:
    n_top_genes: 3000
- type: feature.cell
  params:
    out: feature.cell
    log_level: INFO
    split_name: train
  target: WeightedFeatureSVD
- type: graph.cell
  target: CellFeatureGraph
  params:
    cell_feature_channel: feature.cell
- type: misc
  target: SetConfig
  params:
    config_dict:
      label_channel: cell_type
",1.0,all_total_runs:30|all_finished_runs:28|step2_total_runs:30|step2_finished_runs:28|finished_rate:93.33%,False,"- type: filter.gene
  target: FilterGenesScanpyOrder
  params:
    order:
    - min_counts
    - min_cells
    - max_counts
    - max_cells
    min_counts: 0.01
    max_counts: 0.99
    min_cells: 0.01
    max_cells: 0.99
- type: normalize
  target: ScaleFeature
  params: {}
- type: filter.gene
  target: HighlyVariableGenesRawCount
  params:
    n_top_genes: 3000
- type: feature.cell
  params:
    out: feature.cell
    log_level: INFO
    split_name: train
  target: WeightedFeatureSVD
- type: graph.cell
  target: CellFeatureGraph
  params:
    cell_feature_channel: feature.cell
- type: misc
  target: SetConfig
  params:
    config_dict:
      label_channel: cell_type
",1.0,"step2:https://wandb.ai/xzy11632/dance-dev/sweeps/ff1dw1c2|step3:https://wandb.ai/xzy11632/dance-dev/sweeps/pbc7bhk0,https://wandb.ai/xzy11632/dance-dev/sweeps/lu0mpp89,https://wandb.ai/xzy11632/dance-dev/sweeps/1gtbxr4s","- type: filter.gene
  target: FilterGenesPlaceHolder
  params: {}
- type: normalize
  target: ScaleFeature
  params: {}
- type: filter.gene
  target: FilterGenesNumberPlaceHolder
  params: {}
- type: feature.cell
  target: SCNFeature
- type: misc
  target: SetConfig
  params:
    config_dict:
      feature_channel: SCNFeature
      label_channel: cell_type
",1.0,all_total_runs:150|all_finished_runs:7|step2_total_runs:90|step2_finished_runs:4|step3_0_total_runs:20|step3_0_finished_runs:0|step3_1_total_runs:20|step3_1_finished_runs:1|step3_2_total_runs:20|step3_2_finished_runs:2|finished_rate:4.67%,True,"- type: filter.gene
  target: FilterGenesPlaceHolder
  params: {}
- type: normalize
  target: ScaleFeature
  params: {}
- type: filter.gene
  target: FilterGenesNumberPlaceHolder
  params: {}
- type: feature.cell
  target: SCNFeature
- type: misc
  target: SetConfig
  params:
    config_dict:
      feature_channel: SCNFeature
      label_channel: cell_type
",1.0,human,Heart,2576,train,train_human_Heartbdf69f8d-5a96-4d6f-a9f5-9ee0e33597b7_data.h5ad,https://www.dropbox.com/scl/fi/3yyr268to8d5z2v1ybph5/human_Heartbdf69f8d-5a96-4d6f-a9f5-9ee0e33597b7_data.h5ad?rlkey=tavfun6ztdeuz7gw93r80u3f2&st=lypmrhf9&dl=1,bdf69f8d-5a96-4d6f-a9f5-9ee0e33597b7
5a11f879-d1ef-458a-910c-9b0bdfca5ebf_Heart,20.0,2834.0,12502.0,4.0,6497765.0,2834.0,"['cardiac endothelial cell', 'endothelial cell', 'endothelial cell of artery', 'endothelial cell of lymphatic vessel']",['normal'],Heart,,,,"[""10x 3' v3"", 'Smart-seq2']",,5a11f879-d1ef-458a-910c-9b0bdfca5ebf,0.0,"step2:https://wandb.ai/xzy11632/dance-dev/sweeps/gvgxfl54|step3:https://wandb.ai/xzy11632/dance-dev/sweeps/epqu73w3,https://wandb.ai/xzy11632/dance-dev/sweeps/p8yxytn8,https://wandb.ai/xzy11632/dance-dev/sweeps/nezv6bm4","- type: filter.gene
  target: FilterGenesPlaceHolder
  params: {}
- type: normalize
  target: ScTransform
  params:
    processes_num: 8
- type: filter.gene
  target: FilterGenesTopK
  params:
    num_genes: 3000
- type: feature.cell
  params:
    out: feature.cell
    log_level: INFO
  target: GaussRandProjFeature
- type: misc
  target: SetConfig
  params:
    config_dict:
      feature_channel: feature.cell
      label_channel: cell_type
",0.936507940292358,all_total_runs:168|all_finished_runs:159|step2_total_runs:108|step2_finished_runs:105|step3_0_total_runs:20|step3_0_finished_runs:20|step3_1_total_runs:20|step3_1_finished_runs:17|step3_2_total_runs:20|step3_2_finished_runs:17|finished_rate:94.64%,False,"- type: filter.gene
  target: FilterGenesPlaceHolder
  params: {}
- type: normalize
  target: ScTransform
  params:
    processes_num: 8
- type: filter.gene
  target: FilterGenesTopK
  params:
    num_genes: 3000
- type: feature.cell
  params:
    out: feature.cell
    log_level: INFO
  target: GaussRandProjFeature
- type: misc
  target: SetConfig
  params:
    config_dict:
      feature_channel: feature.cell
      label_channel: cell_type
",0.936507940292358,"step2:https://wandb.ai/xzy11632/dance-dev/sweeps/pplm3uhk|step3:https://wandb.ai/xzy11632/dance-dev/sweeps/ognpu0ti,https://wandb.ai/xzy11632/dance-dev/sweeps/38pyvh8r,https://wandb.ai/xzy11632/dance-dev/sweeps/ezw2gvm9","- type: filter.gene
  target: FilterGenesScanpyOrder
  params:
    order:
    - min_counts
    - min_cells
    - max_counts
    - max_cells
    min_counts: 0.01
    max_counts: 0.99
    min_cells: 0.01
    max_cells: 0.99
- type: normalize
  target: ScaleFeature
  params: {}
- type: filter.gene
  target: HighlyVariableGenesRawCount
  params:
    n_top_genes: 3000
- type: feature.cell
  params:
    out: feature.cell
    log_level: INFO
  target: FeatureCellPlaceHolder
- type: misc
  target: SetConfig
  params:
    config_dict:
      feature_channel: feature.cell
      label_channel: cell_type
",0.948853611946106,all_total_runs:150|all_finished_runs:119|step2_total_runs:90|step2_finished_runs:60|step3_0_total_runs:20|step3_0_finished_runs:19|step3_1_total_runs:20|step3_1_finished_runs:20|step3_2_total_runs:20|step3_2_finished_runs:20|finished_rate:79.33%,0.0,"- type: filter.gene
  target: FilterGenesScanpyOrder
  params:
    order:
    - min_counts
    - min_cells
    - max_counts
    - max_cells
    min_counts: 0.01
    max_counts: 0.99
    min_cells: 0.01
    max_cells: 0.99
- type: normalize
  target: ScaleFeature
  params: {}
- type: filter.gene
  target: HighlyVariableGenesRawCount
  params:
    n_top_genes: 3000
- type: feature.cell
  params:
    out: feature.cell
    log_level: INFO
  target: FeatureCellPlaceHolder
- type: misc
  target: SetConfig
  params:
    config_dict:
      feature_channel: feature.cell
      label_channel: cell_type
",0.948853611946106,"step2:https://wandb.ai/xzy11632/dance-dev/sweeps/e85c2bui|step3:https://wandb.ai/xzy11632/dance-dev/sweeps/nni08nsy,https://wandb.ai/xzy11632/dance-dev/sweeps/loravzdy,https://wandb.ai/xzy11632/dance-dev/sweeps/ooqxrdxq","- type: filter.gene
  target: FilterGenesPlaceHolder
  params: {}
- type: normalize
  target: NormalizePlaceHolder
  params: {}
- type: filter.gene
  target: FilterGenesTopK
  params:
    num_genes: 3000
- type: feature.cell
  params:
    out: feature.cell
    log_level: INFO
    split_name: train
  target: WeightedFeaturePCA
- type: graph.cell
  target: CellFeatureGraph
  params:
    cell_feature_channel: feature.cell
- type: misc
  target: SetConfig
  params:
    config_dict:
      label_channel: cell_type
",0.95061731338501,all_total_runs:90|all_finished_runs:79|step2_total_runs:30|step2_finished_runs:30|step3_0_total_runs:20|step3_0_finished_runs:16|step3_1_total_runs:20|step3_1_finished_runs:13|step3_2_total_runs:20|step3_2_finished_runs:20|finished_rate:87.78%,False,"- type: filter.gene
  target: FilterGenesPlaceHolder
  params: {}
- type: normalize
  target: NormalizePlaceHolder
  params: {}
- type: filter.gene
  target: FilterGenesTopK
  params:
    num_genes: 3000
- type: feature.cell
  params:
    out: feature.cell
    log_level: INFO
    split_name: train
  target: WeightedFeaturePCA
- type: graph.cell
  target: CellFeatureGraph
  params:
    cell_feature_channel: feature.cell
- type: misc
  target: SetConfig
  params:
    config_dict:
      label_channel: cell_type
",0.95061731338501,"step2:https://wandb.ai/xzy11632/dance-dev/sweeps/3vkygc0s|step3:https://wandb.ai/xzy11632/dance-dev/sweeps/18c5wrl8,https://wandb.ai/xzy11632/dance-dev/sweeps/629cidee,https://wandb.ai/xzy11632/dance-dev/sweeps/s36mbsy0","- type: filter.gene
  target: FilterGenesScanpyOrder
  params:
    order:
    - min_counts
    - min_cells
    - max_counts
    - max_cells
    min_counts: 0.01
    max_counts: 0.99
    min_cells: 0.01
    max_cells: 0.99
- type: normalize
  target: ScaleFeature
  params: {}
- type: filter.gene
  target: FilterGenesRegression
  params:
    num_genes: 3000
- type: feature.cell
  target: SCNFeature
- type: misc
  target: SetConfig
  params:
    config_dict:
      feature_channel: SCNFeature
      label_channel: cell_type
",0.943562610229277,all_total_runs:78|all_finished_runs:71|step2_total_runs:18|step2_finished_runs:14|step3_0_total_runs:20|step3_0_finished_runs:18|step3_1_total_runs:20|step3_1_finished_runs:19|step3_2_total_runs:20|step3_2_finished_runs:20|finished_rate:91.03%,False,"- type: filter.gene
  target: FilterGenesScanpyOrder
  params:
    order:
    - min_counts
    - min_cells
    - max_counts
    - max_cells
    min_counts: 0.01
    max_counts: 0.99
    min_cells: 0.01
    max_cells: 0.99
- type: normalize
  target: ScaleFeature
  params: {}
- type: filter.gene
  target: FilterGenesRegression
  params:
    num_genes: 3000
- type: feature.cell
  target: SCNFeature
- type: misc
  target: SetConfig
  params:
    config_dict:
      feature_channel: SCNFeature
      label_channel: cell_type
",0.943562610229277,human,Heart,2834,train,train_human_Heart5a11f879-d1ef-458a-910c-9b0bdfca5ebf_data.h5ad,https://www.dropbox.com/scl/fi/w2oe3csvt50riz9afrr1g/human_Heart5a11f879-d1ef-458a-910c-9b0bdfca5ebf_data.h5ad?rlkey=auhxwg79r0xkixttj9f33ho9t&st=0584ksnu&dl=1,5a11f879-d1ef-458a-910c-9b0bdfca5ebf
1009f384-b12d-448e-ba9f-1b7d2ecfbb4e_Heart,21.0,3961.0,5588.0,1.0,2835354.0,3961.0,['neural cell'],['normal'],Heart,,,,"[""10x 3' v2"", ""10x 3' v3""]",,1009f384-b12d-448e-ba9f-1b7d2ecfbb4e,0.0,"step2:https://wandb.ai/xzy11632/dance-dev/sweeps/p11r9epr|step3:https://wandb.ai/xzy11632/dance-dev/sweeps/9algn73a,https://wandb.ai/xzy11632/dance-dev/sweeps/zbafhl2k,https://wandb.ai/xzy11632/dance-dev/sweeps/b7jx8pr1","- type: filter.gene
  target: FilterGenesPlaceHolder
  params: {}
- type: normalize
  target: NormalizeTotal
  params: {}
- type: filter.gene
  target: FilterGenesTopK
  params:
    num_genes: 3000
- type: feature.cell
  params:
    out: feature.cell
    log_level: INFO
    split_name: train
  target: WeightedFeaturePCA
- type: misc
  target: SetConfig
  params:
    config_dict:
      feature_channel: feature.cell
      label_channel: cell_type
",1.0,all_total_runs:168|all_finished_runs:165|step2_total_runs:108|step2_finished_runs:105|step3_0_total_runs:20|step3_0_finished_runs:20|step3_1_total_runs:20|step3_1_finished_runs:20|step3_2_total_runs:20|step3_2_finished_runs:20|finished_rate:98.21%,False,"- type: filter.gene
  target: FilterGenesPlaceHolder
  params: {}
- type: normalize
  target: NormalizeTotal
  params: {}
- type: filter.gene
  target: FilterGenesTopK
  params:
    num_genes: 3000
- type: feature.cell
  params:
    out: feature.cell
    log_level: INFO
    split_name: train
  target: WeightedFeaturePCA
- type: misc
  target: SetConfig
  params:
    config_dict:
      feature_channel: feature.cell
      label_channel: cell_type
",1.0,,,,,,,,"step2:https://wandb.ai/xzy11632/dance-dev/sweeps/to9bt4zs|step3:https://wandb.ai/xzy11632/dance-dev/sweeps/qqdfo2g6,https://wandb.ai/xzy11632/dance-dev/sweeps/utyrv78g,https://wandb.ai/xzy11632/dance-dev/sweeps/zaoui6s5","- type: filter.gene
  target: FilterGenesScanpyOrder
  params:
    order:
    - min_counts
    - min_cells
    - max_counts
    - max_cells
    min_counts: 0.01
    max_counts: 0.99
    min_cells: 0.01
    max_cells: 0.99
- type: normalize
  target: ScaleFeature
  params: {}
- type: filter.gene
  target: HighlyVariableGenesRawCount
  params:
    n_top_genes: 3000
- type: feature.cell
  params:
    out: feature.cell
    log_level: INFO
    split_name: train
  target: WeightedFeatureSVD
- type: graph.cell
  target: CellFeatureGraph
  params:
    cell_feature_channel: feature.cell
- type: misc
  target: SetConfig
  params:
    config_dict:
      label_channel: cell_type
",1.0,all_total_runs:90|all_finished_runs:83|step2_total_runs:30|step2_finished_runs:30|step3_0_total_runs:20|step3_0_finished_runs:15|step3_1_total_runs:20|step3_1_finished_runs:19|step3_2_total_runs:20|step3_2_finished_runs:19|finished_rate:92.22%,False,"- type: filter.gene
  target: FilterGenesScanpyOrder
  params:
    order:
    - min_counts
    - min_cells
    - max_counts
    - max_cells
    min_counts: 0.01
    max_counts: 0.99
    min_cells: 0.01
    max_cells: 0.99
- type: normalize
  target: ScaleFeature
  params: {}
- type: filter.gene
  target: HighlyVariableGenesRawCount
  params:
    n_top_genes: 3000
- type: feature.cell
  params:
    out: feature.cell
    log_level: INFO
    split_name: train
  target: WeightedFeatureSVD
- type: graph.cell
  target: CellFeatureGraph
  params:
    cell_feature_channel: feature.cell
- type: misc
  target: SetConfig
  params:
    config_dict:
      label_channel: cell_type
",1.0,"step2:https://wandb.ai/xzy11632/dance-dev/sweeps/lzcg95em|step3:https://wandb.ai/xzy11632/dance-dev/sweeps/4vk9dk1b,https://wandb.ai/xzy11632/dance-dev/sweeps/k7z21kte,https://wandb.ai/xzy11632/dance-dev/sweeps/myfm381h","- type: filter.gene
  target: FilterGenesScanpyOrder
  params:
    order:
    - min_counts
    - min_cells
    - max_counts
    - max_cells
    min_counts: 0.01
    max_counts: 0.99
    min_cells: 0.01
    max_cells: 0.99
- type: normalize
  target: NormalizeTotal
  params: {}
- type: filter.gene
  target: HighlyVariableGenesLogarithmizedByTopGenes
  params:
    n_top_genes: 3000
- type: feature.cell
  target: SCNFeature
- type: misc
  target: SetConfig
  params:
    config_dict:
      feature_channel: SCNFeature
      label_channel: cell_type
",0.994955863808323,all_total_runs:150|all_finished_runs:1|step2_total_runs:90|step2_finished_runs:1|step3_0_total_runs:20|step3_0_finished_runs:0|step3_1_total_runs:20|step3_1_finished_runs:0|step3_2_total_runs:20|step3_2_finished_runs:0|finished_rate:0.67%,True,"- type: filter.gene
  target: FilterGenesScanpyOrder
  params:
    order:
    - min_counts
    - min_cells
    - max_counts
    - max_cells
    min_counts: 0.01
    max_counts: 0.99
    min_cells: 0.01
    max_cells: 0.99
- type: normalize
  target: NormalizeTotal
  params: {}
- type: filter.gene
  target: HighlyVariableGenesLogarithmizedByTopGenes
  params:
    n_top_genes: 3000
- type: feature.cell
  target: SCNFeature
- type: misc
  target: SetConfig
  params:
    config_dict:
      feature_channel: SCNFeature
      label_channel: cell_type
",0.994955863808323,human,Heart,3961,train,train_human_Heart1009f384-b12d-448e-ba9f-1b7d2ecfbb4e_data.h5ad,https://www.dropbox.com/scl/fi/a2mooa1bszno3xh4o6sew/human_Heart1009f384-b12d-448e-ba9f-1b7d2ecfbb4e_data.h5ad?rlkey=k9x23whyta1z0g9org4zdrsmm&st=k1z51tdw&dl=1,1009f384-b12d-448e-ba9f-1b7d2ecfbb4e
2adb1f8a-a6b1-4909-8ee8-484814e2d4bf_Intestine,0.0,10000.0,7348.0,25.0,4260705.0,22426.0,"['B cell', 'T cell', 'acinar cell', 'cell of skeletal muscle', 'cord blood hematopoietic stem cell', 'dendritic cell', 'embryonic stem cell', 'endocrine cell', 'endothelial cell', 'enterocyte', 'epithelial cell', 'erythroid lineage cell', 'erythroid progenitor cell', 'fibroblast', 'goblet cell', 'macrophage', 'mast cell', 'mesenchymal stem cell', 'monocyte', 'neuron', 'neutrophil', 'plasma cell', 'primordial germ cell', 'professional antigen presenting cell', 'smooth muscle cell', 'stromal cell']",['normal'],Intestine,10000.0,"['B cell', 'T cell', 'acinar cell', 'cell of skeletal muscle', 'cord blood hematopoietic stem cell', 'dendritic cell', 'embryonic stem cell', 'endocrine cell', 'endothelial cell', 'enterocyte', 'epithelial cell', 'erythroid lineage cell', 'erythroid progenitor cell', 'fibroblast', 'goblet cell', 'macrophage', 'mast cell', 'mesenchymal stem cell', 'monocyte', 'neuron', 'neutrophil', 'primordial germ cell', 'professional antigen presenting cell', 'smooth muscle cell', 'stromal cell']",['normal'],['microwell-seq'],['microwell-seq'],2adb1f8a-a6b1-4909-8ee8-484814e2d4bf,0.0,"step2:https://wandb.ai/xzy11632/dance-dev/sweeps/69bcig3r|step3:https://wandb.ai/xzy11632/dance-dev/sweeps/3hqii0ob,https://wandb.ai/xzy11632/dance-dev/sweeps/3iwxf1q6,https://wandb.ai/xzy11632/dance-dev/sweeps/zelen5v8","- type: filter.gene
  target: FilterGenesPlaceHolder
  params: {}
- type: normalize
  target: NormalizeTotal
  params: {}
- type: filter.gene
  target: FilterGenesRegression
  params:
    num_genes: 3000
- type: feature.cell
  params:
    out: feature.cell
    log_level: INFO
  target: CellPCA
- type: misc
  target: SetConfig
  params:
    config_dict:
      feature_channel: feature.cell
      label_channel: cell_type
",0.46450001001358,all_total_runs:151|all_finished_runs:148|step2_total_runs:108|step2_finished_runs:108|step3_0_total_runs:3|step3_0_finished_runs:0|step3_1_total_runs:20|step3_1_finished_runs:20|step3_2_total_runs:20|step3_2_finished_runs:20|finished_rate:98.01%,False,"- type: filter.gene
  target: FilterGenesPlaceHolder
  params: {}
- type: normalize
  target: NormalizeTotal
  params: {}
- type: filter.gene
  target: FilterGenesRegression
  params:
    num_genes: 3000
- type: feature.cell
  params:
    out: feature.cell
    log_level: INFO
  target: CellPCA
- type: misc
  target: SetConfig
  params:
    config_dict:
      feature_channel: feature.cell
      label_channel: cell_type
",0.46450001001358,"step2:https://wandb.ai/xzy11632/dance-dev/sweeps/owm0hi9o|step3:https://wandb.ai/xzy11632/dance-dev/sweeps/1rd3s73n,https://wandb.ai/xzy11632/dance-dev/sweeps/pxce3l40,https://wandb.ai/xzy11632/dance-dev/sweeps/ke3lycg1","- type: filter.gene
  target: FilterGenesScanpyOrder
  params:
    order:
    - min_counts
    - min_cells
    - max_counts
    - max_cells
    min_counts: 0.01
    max_counts: 0.99
    min_cells: 0.01
    max_cells: 0.99
- type: normalize
  target: Log1P
  params: {}
- type: filter.gene
  target: HighlyVariableGenesLogarithmizedByTopGenes
  params:
    n_top_genes: 3000
- type: feature.cell
  params:
    out: feature.cell
    log_level: INFO
  target: FeatureCellPlaceHolder
- type: misc
  target: SetConfig
  params:
    config_dict:
      feature_channel: feature.cell
      label_channel: cell_type
",0.449999988079071,all_total_runs:150|all_finished_runs:106|step2_total_runs:90|step2_finished_runs:50|step3_0_total_runs:20|step3_0_finished_runs:17|step3_1_total_runs:20|step3_1_finished_runs:19|step3_2_total_runs:20|step3_2_finished_runs:20|finished_rate:70.67%,0.0,"- type: filter.gene
  target: FilterGenesScanpyOrder
  params:
    order:
    - min_counts
    - min_cells
    - max_counts
    - max_cells
    min_counts: 0.01
    max_counts: 0.99
    min_cells: 0.01
    max_cells: 0.99
- type: normalize
  target: Log1P
  params: {}
- type: filter.gene
  target: HighlyVariableGenesLogarithmizedByTopGenes
  params:
    n_top_genes: 3000
- type: feature.cell
  params:
    out: feature.cell
    log_level: INFO
  target: FeatureCellPlaceHolder
- type: misc
  target: SetConfig
  params:
    config_dict:
      feature_channel: feature.cell
      label_channel: cell_type
",0.449999988079071,"step2:https://wandb.ai/xzy11632/dance-dev/sweeps/2aimu5nf|step3:https://wandb.ai/xzy11632/dance-dev/sweeps/okhf42kr,https://wandb.ai/xzy11632/dance-dev/sweeps/gz2tf44d,https://wandb.ai/xzy11632/dance-dev/sweeps/byqncadc","- type: filter.gene
  target: FilterGenesPlaceHolder
- type: normalize
  target: Log1P
  params:
    base: 2.215017705976437
- type: filter.gene
  target: HighlyVariableGenesLogarithmizedByMeanAndDisp
  params:
    min_disp: 0.291340761664778
    max_disp: 41.97682836538406
    min_mean: 0.005903256097499237
    max_mean: 8.653148347556385
    n_bins: 18
    flavor: cell_ranger
- type: feature.cell
  target: WeightedFeatureSVD
  params:
    out: feature.cell
    log_level: INFO
    n_components: 784
    feat_norm_mode: normalize
- type: graph.cell
  target: CellFeatureGraph
  params:
    cell_feature_channel: feature.cell
- type: misc
  target: SetConfig
  params:
    config_dict:
      label_channel: cell_type
",0.448000013828278,all_total_runs:90|all_finished_runs:90|step2_total_runs:30|step2_finished_runs:30|step3_0_total_runs:20|step3_0_finished_runs:20|step3_1_total_runs:20|step3_1_finished_runs:20|step3_2_total_runs:20|step3_2_finished_runs:20|finished_rate:100.00%,False,"- type: filter.gene
  target: FilterGenesPlaceHolder
  params: {}
- type: normalize
  target: ScaleFeature
  params: {}
- type: filter.gene
  target: FilterGenesTopK
  params:
    num_genes: 3000
- type: feature.cell
  params:
    out: feature.cell
    log_level: INFO
    split_name: train
  target: WeightedFeaturePCA
- type: graph.cell
  target: CellFeatureGraph
  params:
    cell_feature_channel: feature.cell
- type: misc
  target: SetConfig
  params:
    config_dict:
      label_channel: cell_type
",0.446999996900558,"step2:https://wandb.ai/xzy11632/dance-dev/sweeps/1fyapig3|step3:https://wandb.ai/xzy11632/dance-dev/sweeps/bfmf4lcr,https://wandb.ai/xzy11632/dance-dev/sweeps/5m5if03n,https://wandb.ai/xzy11632/dance-dev/sweeps/u98fyyfz","- type: filter.gene
  target: FilterGenesPlaceHolder
  params: {}
- type: normalize
  target: ScTransform
  params:
    processes_num: 8
- type: filter.gene
  target: HighlyVariableGenesLogarithmizedByTopGenes
  params:
    n_top_genes: 3000
- type: feature.cell
  target: SCNFeature
- type: misc
  target: SetConfig
  params:
    config_dict:
      feature_channel: SCNFeature
      label_channel: cell_type
",0.4595,all_total_runs:78|all_finished_runs:74|step2_total_runs:18|step2_finished_runs:14|step3_0_total_runs:20|step3_0_finished_runs:20|step3_1_total_runs:20|step3_1_finished_runs:20|step3_2_total_runs:20|step3_2_finished_runs:20|finished_rate:94.87%,False,"- type: filter.gene
  target: FilterGenesPlaceHolder
  params: {}
- type: normalize
  target: ScTransform
  params:
    processes_num: 8
- type: filter.gene
  target: HighlyVariableGenesLogarithmizedByTopGenes
  params:
    n_top_genes: 3000
- type: feature.cell
  target: SCNFeature
- type: misc
  target: SetConfig
  params:
    config_dict:
      feature_channel: SCNFeature
      label_channel: cell_type
",0.4595,human,Intestine,10000,train,train_human_Intestine2adb1f8a-a6b1-4909-8ee8-484814e2d4bf(Intestine)_data.h5ad,https://www.dropbox.com/scl/fi/iofy51et57gmuayf8rcg4/human_Intestine2adb1f8a-a6b1-4909-8ee8-484814e2d4bf-Intestine-_data.h5ad?rlkey=u6j55oe6rj4nuocjz3cag56uw&st=nay2m851&dl=1,2adb1f8a-a6b1-4909-8ee8-484814e2d4bf
f7c1c579-2dc0-47e2-ba19-8165c5a0e353_Intestine,1.0,10000.0,12656.0,12.0,5492762.0,46852.0,"['chromaffin cell', 'endothelial cell of lymphatic vessel', 'endothelial cell of vascular tree', 'erythroblast', 'glial cell', 'innate lymphoid cell', 'intestinal epithelial cell', 'mesothelial cell', 'myeloid cell', 'neuron', 'smooth muscle cell', 'stromal cell']",['normal'],Intestine,10000.0,"['chromaffin cell', 'endothelial cell of lymphatic vessel', 'endothelial cell of vascular tree', 'erythroblast', 'glial cell', 'innate lymphoid cell', 'intestinal epithelial cell', 'mesothelial cell', 'myeloid cell', 'neuron', 'smooth muscle cell', 'stromal cell']",['normal'],['sci-RNA-seq'],['sci-RNA-seq'],f7c1c579-2dc0-47e2-ba19-8165c5a0e353,0.0,"step2:https://wandb.ai/xzy11632/dance-dev/sweeps/v1qhkqur|step3:https://wandb.ai/xzy11632/dance-dev/sweeps/n729wz1f,https://wandb.ai/xzy11632/dance-dev/sweeps/lu2qzcin,https://wandb.ai/xzy11632/dance-dev/sweeps/aduw3ag3","- type: filter.gene
  target: FilterGenesPlaceHolder
  params: {}
- type: normalize
  target: Log1P
  params: {}
- type: filter.gene
  target: HighlyVariableGenesLogarithmizedByMeanAndDisp
  params: {}
- type: feature.cell
  params:
    out: feature.cell
    log_level: INFO
    split_name: train
  target: WeightedFeaturePCA
- type: misc
  target: SetConfig
  params:
    config_dict:
      feature_channel: feature.cell
      label_channel: cell_type
",0.481000006198883,all_total_runs:168|all_finished_runs:162|step2_total_runs:108|step2_finished_runs:107|step3_0_total_runs:20|step3_0_finished_runs:18|step3_1_total_runs:20|step3_1_finished_runs:19|step3_2_total_runs:20|step3_2_finished_runs:18|finished_rate:96.43%,False,"- type: filter.gene
  target: FilterGenesPlaceHolder
  params: {}
- type: normalize
  target: Log1P
  params: {}
- type: filter.gene
  target: HighlyVariableGenesLogarithmizedByMeanAndDisp
  params: {}
- type: feature.cell
  params:
    out: feature.cell
    log_level: INFO
    split_name: train
  target: WeightedFeaturePCA
- type: misc
  target: SetConfig
  params:
    config_dict:
      feature_channel: feature.cell
      label_channel: cell_type
",0.481000006198883,"step2:https://wandb.ai/xzy11632/dance-dev/sweeps/vssskj72|step3:https://wandb.ai/xzy11632/dance-dev/sweeps/jevijvsg,https://wandb.ai/xzy11632/dance-dev/sweeps/m6a3gpaj,https://wandb.ai/xzy11632/dance-dev/sweeps/c51ote6z","- type: filter.gene
  target: FilterGenesScanpyOrder
  params:
    order:
    - min_counts
    - min_cells
    - max_counts
    - max_cells
    min_counts: 0.01
    max_counts: 0.99
    min_cells: 0.01
    max_cells: 0.99
- type: normalize
  target: ScTransform
  params:
    processes_num: 8
- type: filter.gene
  target: HighlyVariableGenesLogarithmizedByMeanAndDisp
  params: {}
- type: feature.cell
  params:
    out: feature.cell
    log_level: INFO
    split_name: train
  target: WeightedFeaturePCA
- type: misc
  target: SetConfig
  params:
    config_dict:
      feature_channel: feature.cell
      label_channel: cell_type
",0.447499990463257,all_total_runs:99|all_finished_runs:90|step2_total_runs:90|step2_finished_runs:90|step3_0_total_runs:3|step3_0_finished_runs:0|step3_1_total_runs:3|step3_1_finished_runs:0|step3_2_total_runs:3|step3_2_finished_runs:0|finished_rate:90.91%,0.0,"- type: filter.gene
  target: FilterGenesScanpyOrder
  params:
    order:
    - min_counts
    - min_cells
    - max_counts
    - max_cells
    min_counts: 0.01
    max_counts: 0.99
    min_cells: 0.01
    max_cells: 0.99
- type: normalize
  target: ScTransform
  params:
    processes_num: 8
- type: filter.gene
  target: HighlyVariableGenesLogarithmizedByMeanAndDisp
  params: {}
- type: feature.cell
  params:
    out: feature.cell
    log_level: INFO
    split_name: train
  target: WeightedFeaturePCA
- type: misc
  target: SetConfig
  params:
    config_dict:
      feature_channel: feature.cell
      label_channel: cell_type
",0.447499990463257,step2:https://wandb.ai/xzy11632/dance-dev/sweeps/9328au5z|step3:https://wandb.ai/xzy11632/dance-dev/sweeps/3nfffk8j,"- type: filter.gene
  target: FilterGenesPercentile
  params:
    min_val: 5
    max_val: 96
    mode: rv
- type: normalize
  target: NormalizeTotalLog1P
  params:
    base: 5.60852624544009
    target_sum: 1000000
    max_fraction: 0.7
- type: filter.gene
  target: FilterGenesTopK
  params:
    num_genes: 8761
    top: false
    mode: var
- type: feature.cell
  target: WeightedFeatureSVD
  params:
    out: feature.cell
    log_level: INFO
    n_components: 213
    feat_norm_mode: l2
- type: graph.cell
  target: CellFeatureGraph
  params:
    cell_feature_channel: feature.cell
- type: misc
  target: SetConfig
  params:
    config_dict:
      label_channel: cell_type
",0.489499986171722,all_total_runs:50|all_finished_runs:50|step2_total_runs:30|step2_finished_runs:30|step3_0_total_runs:20|step3_0_finished_runs:20|finished_rate:100.00%,False,"- type: filter.gene
  target: FilterGenesScanpyOrder
  params:
    order:
    - min_counts
    - min_cells
    - max_counts
    - max_cells
    min_counts: 0.01
    max_counts: 0.99
    min_cells: 0.01
    max_cells: 0.99
- type: normalize
  target: ScaleFeature
  params: {}
- type: filter.gene
  target: HighlyVariableGenesRawCount
  params:
    n_top_genes: 3000
- type: feature.cell
  params:
    out: feature.cell
    log_level: INFO
    split_name: train
  target: WeightedFeatureSVD
- type: graph.cell
  target: CellFeatureGraph
  params:
    cell_feature_channel: feature.cell
- type: misc
  target: SetConfig
  params:
    config_dict:
      label_channel: cell_type
",0.488999992609024,"step2:https://wandb.ai/xzy11632/dance-dev/sweeps/wvu22i29|step3:https://wandb.ai/xzy11632/dance-dev/sweeps/1cnipg2n,https://wandb.ai/xzy11632/dance-dev/sweeps/ucuzupbf,https://wandb.ai/xzy11632/dance-dev/sweeps/v5num84e","- type: filter.gene
  target: FilterGenesPlaceHolder
  params: {}
- type: normalize
  target: ScTransform
  params:
    processes_num: 8
- type: filter.gene
  target: HighlyVariableGenesLogarithmizedByMeanAndDisp
  params: {}
- type: feature.cell
  target: SCNFeature
- type: misc
  target: SetConfig
  params:
    config_dict:
      feature_channel: SCNFeature
      label_channel: cell_type
",0.496,all_total_runs:61|all_finished_runs:55|step2_total_runs:18|step2_finished_runs:15|step3_0_total_runs:20|step3_0_finished_runs:20|step3_1_total_runs:3|step3_1_finished_runs:0|step3_2_total_runs:20|step3_2_finished_runs:20|finished_rate:90.16%,False,"- type: filter.gene
  target: FilterGenesPlaceHolder
  params: {}
- type: normalize
  target: ScTransform
  params:
    processes_num: 8
- type: filter.gene
  target: HighlyVariableGenesLogarithmizedByMeanAndDisp
  params: {}
- type: feature.cell
  target: SCNFeature
- type: misc
  target: SetConfig
  params:
    config_dict:
      feature_channel: SCNFeature
      label_channel: cell_type
",0.496,human,Intestine,10000,train,train_human_Intestinef7c1c579-2dc0-47e2-ba19-8165c5a0e353(Intestine)_data.h5ad,https://www.dropbox.com/scl/fi/42brjtap331l6a04ev85i/human_Intestinef7c1c579-2dc0-47e2-ba19-8165c5a0e353-Intestine-_data.h5ad?rlkey=10zmxwpvtnzkz77embs997lw2&st=odk1wce6&dl=1,f7c1c579-2dc0-47e2-ba19-8165c5a0e353
e40c6272-af77-4a10-9385-62a398884f27_Intestine,3.0,6444.0,12062.0,9.0,18361175.0,6444.0,"['abnormal cell', 'absorptive cell', 'brush cell', 'goblet cell', 'intestinal crypt stem cell of colon', 'intestinal enteroendocrine cell', 'intestinal epithelial cell', 'neoplastic cell', 'transit amplifying cell']","['colon sessile serrated adenoma/polyp', 'colorectal neoplasm', 'hyperplastic polyp', 'normal', 'tubulovillous adenoma']",Intestine,,,,['TruDrop'],,e40c6272-af77-4a10-9385-62a398884f27,0.0,"step2:https://wandb.ai/xzy11632/dance-dev/sweeps/xkk04jfm|step3:https://wandb.ai/xzy11632/dance-dev/sweeps/bmf2uyyw,https://wandb.ai/xzy11632/dance-dev/sweeps/1pbonllg,https://wandb.ai/xzy11632/dance-dev/sweeps/yexwwc9w","- type: filter.gene
  target: FilterGenesPlaceHolder
  params: {}
- type: normalize
  target: ScTransform
  params:
    processes_num: 8
- type: filter.gene
  target: FilterGenesNumberPlaceHolder
  params: {}
- type: feature.cell
  params:
    out: feature.cell
    log_level: INFO
    split_name: train
  target: WeightedFeaturePCA
- type: misc
  target: SetConfig
  params:
    config_dict:
      feature_channel: feature.cell
      label_channel: cell_type
",0.394103944301605,all_total_runs:168|all_finished_runs:168|step2_total_runs:108|step2_finished_runs:108|step3_0_total_runs:20|step3_0_finished_runs:20|step3_1_total_runs:20|step3_1_finished_runs:20|step3_2_total_runs:20|step3_2_finished_runs:20|finished_rate:100.00%,False,"- type: filter.gene
  target: FilterGenesPlaceHolder
  params: {}
- type: normalize
  target: ScTransform
  params:
    processes_num: 8
- type: filter.gene
  target: FilterGenesNumberPlaceHolder
  params: {}
- type: feature.cell
  params:
    out: feature.cell
    log_level: INFO
    split_name: train
  target: WeightedFeaturePCA
- type: misc
  target: SetConfig
  params:
    config_dict:
      feature_channel: feature.cell
      label_channel: cell_type
",0.394103944301605,"step2:https://wandb.ai/xzy11632/dance-dev/sweeps/hrf1j04g|step3:https://wandb.ai/xzy11632/dance-dev/sweeps/pe8i2au0,https://wandb.ai/xzy11632/dance-dev/sweeps/rm3sr9f6,https://wandb.ai/xzy11632/dance-dev/sweeps/2p464vbo","- type: filter.gene
  target: FilterGenesPercentile
  params: {}
- type: normalize
  target: ScTransform
  params:
    processes_num: 8
- type: filter.gene
  target: HighlyVariableGenesLogarithmizedByTopGenes
  params:
    n_top_genes: 3000
- type: feature.cell
  params:
    out: feature.cell
    log_level: INFO
  target: FeatureCellPlaceHolder
- type: misc
  target: SetConfig
  params:
    config_dict:
      feature_channel: feature.cell
      label_channel: cell_type
",0.350659430027008,all_total_runs:133|all_finished_runs:130|step2_total_runs:90|step2_finished_runs:90|step3_0_total_runs:20|step3_0_finished_runs:20|step3_1_total_runs:20|step3_1_finished_runs:20|step3_2_total_runs:3|step3_2_finished_runs:0|finished_rate:97.74%,0.0,"- type: filter.gene
  target: FilterGenesPercentile
  params: {}
- type: normalize
  target: ScTransform
  params:
    processes_num: 8
- type: filter.gene
  target: HighlyVariableGenesLogarithmizedByTopGenes
  params:
    n_top_genes: 3000
- type: feature.cell
  params:
    out: feature.cell
    log_level: INFO
  target: FeatureCellPlaceHolder
- type: misc
  target: SetConfig
  params:
    config_dict:
      feature_channel: feature.cell
      label_channel: cell_type
",0.350659430027008,step2:https://wandb.ai/xzy11632/dance-dev/sweeps/v761e7oe|step3:https://wandb.ai/xzy11632/dance-dev/sweeps/kw6pipzb,"- type: filter.gene
  target: FilterGenesScanpyOrder
  params:
    order:
    - min_counts
    - min_cells
    - max_counts
    - max_cells
    min_counts: 0.01
    max_counts: 0.99
    min_cells: 0.01
    max_cells: 0.99
- type: normalize
  target: Log1P
  params: {}
- type: filter.gene
  target: HighlyVariableGenesLogarithmizedByTopGenes
  params:
    n_top_genes: 3000
- type: feature.cell
  params:
    out: feature.cell
    log_level: INFO
    split_name: train
  target: WeightedFeaturePCA
- type: graph.cell
  target: CellFeatureGraph
  params:
    cell_feature_channel: feature.cell
- type: misc
  target: SetConfig
  params:
    config_dict:
      label_channel: cell_type
",0.362296342849731,all_total_runs:50|all_finished_runs:50|step2_total_runs:30|step2_finished_runs:30|step3_0_total_runs:20|step3_0_finished_runs:20|finished_rate:100.00%,False,"- type: filter.gene
  target: FilterGenesScanpyOrder
  params:
    order:
    - min_counts
    - min_cells
    - max_counts
    - max_cells
    min_counts: 0.01
    max_counts: 0.99
    min_cells: 0.01
    max_cells: 0.99
- type: normalize
  target: Log1P
  params: {}
- type: filter.gene
  target: HighlyVariableGenesLogarithmizedByTopGenes
  params:
    n_top_genes: 3000
- type: feature.cell
  params:
    out: feature.cell
    log_level: INFO
    split_name: train
  target: WeightedFeaturePCA
- type: graph.cell
  target: CellFeatureGraph
  params:
    cell_feature_channel: feature.cell
- type: misc
  target: SetConfig
  params:
    config_dict:
      label_channel: cell_type
",0.362296342849731,"step2:https://wandb.ai/xzy11632/dance-dev/sweeps/r6g34re2|step3:https://wandb.ai/xzy11632/dance-dev/sweeps/gtznre7l,https://wandb.ai/xzy11632/dance-dev/sweeps/9oahveau,https://wandb.ai/xzy11632/dance-dev/sweeps/pkn5dfd7","- type: filter.gene
  target: FilterGenesPlaceHolder
  params: {}
- type: normalize
  target: ScTransform
  params:
    processes_num: 8
- type: filter.gene
  target: HighlyVariableGenesLogarithmizedByMeanAndDisp
  params: {}
- type: feature.cell
  target: SCNFeature
- type: misc
  target: SetConfig
  params:
    config_dict:
      feature_channel: SCNFeature
      label_channel: cell_type
",0.377036462373933,all_total_runs:78|all_finished_runs:60|step2_total_runs:18|step2_finished_runs:18|step3_0_total_runs:20|step3_0_finished_runs:20|step3_1_total_runs:20|step3_1_finished_runs:2|step3_2_total_runs:20|step3_2_finished_runs:20|finished_rate:76.92%,False,"- type: filter.gene
  target: FilterGenesPlaceHolder
  params: {}
- type: normalize
  target: ScTransform
  params:
    processes_num: 8
- type: filter.gene
  target: HighlyVariableGenesLogarithmizedByMeanAndDisp
  params: {}
- type: feature.cell
  target: SCNFeature
- type: misc
  target: SetConfig
  params:
    config_dict:
      feature_channel: SCNFeature
      label_channel: cell_type
",0.377036462373933,human,Intestine,6444,train,train_human_Intestinee40c6272-af77-4a10-9385-62a398884f27_data.h5ad,https://www.dropbox.com/scl/fi/6rd98oo0z68dmqpuhn7ap/human_Intestinee40c6272-af77-4a10-9385-62a398884f27_data.h5ad?rlkey=v6zz40z2f73h4oivfx67y7cgr&dl=1,e40c6272-af77-4a10-9385-62a398884f27
6a270451-b4d9-43e0-aa89-e33aac1ac74b_Intestine,4.0,2720.0,6129.0,7.0,3199111.0,2720.0,"['B cell', 'T cell', 'endothelial cell', 'fibroblast', 'mast cell', 'myeloid cell', 'plasma cell']","['colon sessile serrated adenoma/polyp', 'colorectal cancer', 'hyperplastic polyp', 'normal', 'tubular adenoma', 'tubulovillous adenoma']",Intestine,,,,['TruDrop'],,6a270451-b4d9-43e0-aa89-e33aac1ac74b,0.0,"step2:https://wandb.ai/xzy11632/dance-dev/sweeps/5brlzakl|step3:https://wandb.ai/xzy11632/dance-dev/sweeps/ipeoc6mp,https://wandb.ai/xzy11632/dance-dev/sweeps/s9kmv83a,https://wandb.ai/xzy11632/dance-dev/sweeps/g3d8vei6","- type: filter.gene
  target: FilterGenesScanpyOrder
  params:
    order:
    - max_cells
    - min_counts
    - max_counts
    - min_cells
    min_counts: 339
    min_cells: 0.05200094626534416
    max_counts: 0.9487283878798852
    max_cells: 0.9883727540398536
- type: normalize
  target: Log1P
  params:
    base: 5.731201493076669
- type: filter.gene
  target: FilterGenesTopK
  params:
    num_genes: 5174
    top: false
    mode: cv
- type: feature.cell
  target: WeightedFeaturePCA
  params:
    out: feature.cell
    log_level: INFO
    n_components: 878
    feat_norm_mode: null
- type: misc
  target: SetConfig
  params:
    config_dict:
      feature_channel: feature.cell
      label_channel: cell_type
",0.441176474094391,all_total_runs:168|all_finished_runs:164|step2_total_runs:108|step2_finished_runs:104|step3_0_total_runs:20|step3_0_finished_runs:20|step3_1_total_runs:20|step3_1_finished_runs:20|step3_2_total_runs:20|step3_2_finished_runs:20|finished_rate:97.62%,False,"- type: filter.gene
  target: FilterGenesScanpyOrder
  params:
    order:
    - min_counts
    - min_cells
    - max_counts
    - max_cells
    min_counts: 0.01
    max_counts: 0.99
    min_cells: 0.01
    max_cells: 0.99
- type: normalize
  target: ScaleFeature
  params: {}
- type: filter.gene
  target: HighlyVariableGenesRawCount
  params:
    n_top_genes: 3000
- type: feature.cell
  params:
    out: feature.cell
    log_level: INFO
    split_name: train
  target: WeightedFeatureSVD
- type: misc
  target: SetConfig
  params:
    config_dict:
      feature_channel: feature.cell
      label_channel: cell_type
",0.431985288858414,"step2:https://wandb.ai/xzy11632/dance-dev/sweeps/oh12fcib|step3:https://wandb.ai/xzy11632/dance-dev/sweeps/bbpzyh7t,https://wandb.ai/xzy11632/dance-dev/sweeps/vr7om78b,https://wandb.ai/xzy11632/dance-dev/sweeps/9c1b242c","- type: filter.gene
  target: FilterGenesPlaceHolder
  params: {}
- type: normalize
  target: NormalizeTotalLog1P
  params: {}
- type: filter.gene
  target: FilterGenesRegression
  params:
    num_genes: 3000
- type: feature.cell
  params:
    out: feature.cell
    log_level: INFO
  target: FeatureCellPlaceHolder
- type: misc
  target: SetConfig
  params:
    config_dict:
      feature_channel: feature.cell
      label_channel: cell_type
",0.419117659330368,all_total_runs:116|all_finished_runs:57|step2_total_runs:90|step2_finished_runs:57|step3_0_total_runs:3|step3_0_finished_runs:0|step3_1_total_runs:20|step3_1_finished_runs:0|step3_2_total_runs:3|step3_2_finished_runs:0|finished_rate:49.14%,1.0,"- type: filter.gene
  target: FilterGenesPlaceHolder
  params: {}
- type: normalize
  target: NormalizeTotalLog1P
  params: {}
- type: filter.gene
  target: FilterGenesRegression
  params:
    num_genes: 3000
- type: feature.cell
  params:
    out: feature.cell
    log_level: INFO
  target: FeatureCellPlaceHolder
- type: misc
  target: SetConfig
  params:
    config_dict:
      feature_channel: feature.cell
      label_channel: cell_type
",0.419117659330368,"step2:https://wandb.ai/xzy11632/dance-dev/sweeps/qx75yubi|step3:https://wandb.ai/xzy11632/dance-dev/sweeps/9ba2cpfs,https://wandb.ai/xzy11632/dance-dev/sweeps/84fl6ckp,https://wandb.ai/xzy11632/dance-dev/sweeps/669m1ojb","- type: filter.gene
  target: FilterGenesPercentile
  params: {}
- type: normalize
  target: NormalizeTotalLog1P
  params: {}
- type: filter.gene
  target: HighlyVariableGenesRawCount
  params:
    n_top_genes: 3000
- type: feature.cell
  params:
    out: feature.cell
    log_level: INFO
    split_name: train
  target: WeightedFeaturePCA
- type: graph.cell
  target: CellFeatureGraph
  params:
    cell_feature_channel: feature.cell
- type: misc
  target: SetConfig
  params:
    config_dict:
      label_channel: cell_type
",0.452205896377563,all_total_runs:90|all_finished_runs:90|step2_total_runs:30|step2_finished_runs:30|step3_0_total_runs:20|step3_0_finished_runs:20|step3_1_total_runs:20|step3_1_finished_runs:20|step3_2_total_runs:20|step3_2_finished_runs:20|finished_rate:100.00%,False,"- type: filter.gene
  target: FilterGenesPercentile
  params: {}
- type: normalize
  target: NormalizeTotalLog1P
  params: {}
- type: filter.gene
  target: HighlyVariableGenesRawCount
  params:
    n_top_genes: 3000
- type: feature.cell
  params:
    out: feature.cell
    log_level: INFO
    split_name: train
  target: WeightedFeaturePCA
- type: graph.cell
  target: CellFeatureGraph
  params:
    cell_feature_channel: feature.cell
- type: misc
  target: SetConfig
  params:
    config_dict:
      label_channel: cell_type
",0.452205896377563,"step2:https://wandb.ai/xzy11632/dance-dev/sweeps/9b5ji0m1|step3:https://wandb.ai/xzy11632/dance-dev/sweeps/bbhj1c23,https://wandb.ai/xzy11632/dance-dev/sweeps/n5m6akau,https://wandb.ai/xzy11632/dance-dev/sweeps/slnvsj2t","- type: filter.gene
  target: FilterGenesPercentile
  params:
    min_val: 9
    max_val: 97
    mode: var
- type: normalize
  target: NormalizeTotalLog1P
  params:
    base: 6.21218194386259
    target_sum: 10000
    max_fraction: 1
- type: filter.gene
  target: FilterGenesRegression
  params:
    method: scmap
    num_genes: 2184
- type: feature.cell
  target: SCNFeature
- type: misc
  target: SetConfig
  params:
    config_dict:
      feature_channel: SCNFeature
      label_channel: cell_type
",0.448529411764706,all_total_runs:61|all_finished_runs:58|step2_total_runs:18|step2_finished_runs:18|step3_0_total_runs:20|step3_0_finished_runs:20|step3_1_total_runs:3|step3_1_finished_runs:0|step3_2_total_runs:20|step3_2_finished_runs:20|finished_rate:95.08%,False,"- type: filter.gene
  target: FilterGenesPlaceHolder
  params: {}
- type: normalize
  target: ScTransform
  params:
    processes_num: 8
- type: filter.gene
  target: FilterGenesNumberPlaceHolder
  params: {}
- type: feature.cell
  target: SCNFeature
- type: misc
  target: SetConfig
  params:
    config_dict:
      feature_channel: SCNFeature
      label_channel: cell_type
",0.444852941176471,human,Intestine,2720,train,train_human_Intestine6a270451-b4d9-43e0-aa89-e33aac1ac74b_data.h5ad,https://www.dropbox.com/scl/fi/u57hnsh6nv88r8nnrwfnl/human_Intestine6a270451-b4d9-43e0-aa89-e33aac1ac74b_data.h5ad?rlkey=suzpw1ikma8kpr3uxkv7nosue&dl=1,6a270451-b4d9-43e0-aa89-e33aac1ac74b
a51c6ece-5731-4128-8c1e-5060e80c69e4_Kidney,0.0,10000.0,15621.0,23.0,25929813.0,27203.0,"['B cell', 'CD4-positive, alpha-beta T cell', 'CD8-positive, alpha-beta T cell', 'conventional dendritic cell', 'endothelial cell', 'epithelial cell of glomerular capsule', 'epithelial cell of nephron', 'epithelial cell of proximal tubule', 'erythroid lineage cell', 'innate lymphoid cell', 'kidney collecting duct cell', 'kidney connecting tubule epithelial cell', 'kidney interstitial cell', 'macrophage', 'mast cell', 'megakaryocyte', 'mesenchymal stem cell', 'monocyte', 'natural killer cell', 'nephron tubule epithelial cell', 'neutrophil', 'plasmacytoid dendritic cell', 'unknown']",['normal'],Kidney,10000.0,"['B cell', 'CD4-positive, alpha-beta T cell', 'CD8-positive, alpha-beta T cell', 'conventional dendritic cell', 'endothelial cell', 'epithelial cell of glomerular capsule', 'epithelial cell of nephron', 'epithelial cell of proximal tubule', 'erythroid lineage cell', 'innate lymphoid cell', 'kidney collecting duct cell', 'kidney connecting tubule epithelial cell', 'kidney interstitial cell', 'macrophage', 'mast cell', 'megakaryocyte', 'mesenchymal stem cell', 'monocyte', 'natural killer cell', 'nephron tubule epithelial cell', 'neutrophil', 'plasmacytoid dendritic cell', 'unknown']",['normal'],"[""10x 3' v2""]","[""10x 3' v2""]",a51c6ece-5731-4128-8c1e-5060e80c69e4,0.0,"step2:https://wandb.ai/xzy11632/dance-dev/sweeps/fw5hjffd|step3:https://wandb.ai/xzy11632/dance-dev/sweeps/akf9te9h,https://wandb.ai/xzy11632/dance-dev/sweeps/n4fhdj35,https://wandb.ai/xzy11632/dance-dev/sweeps/yg0pcpqc","- type: filter.gene
  target: FilterGenesPlaceHolder
  params: {}
- type: normalize
  target: Log1P
  params: {}
- type: filter.gene
  target: FilterGenesTopK
  params:
    num_genes: 3000
- type: feature.cell
  params:
    out: feature.cell
    log_level: INFO
    split_name: train
  target: WeightedFeatureSVD
- type: misc
  target: SetConfig
  params:
    config_dict:
      feature_channel: feature.cell
      label_channel: cell_type
",0.27700001001358,all_total_runs:140|all_finished_runs:127|step2_total_runs:108|step2_finished_runs:108|step3_0_total_runs:6|step3_0_finished_runs:0|step3_1_total_runs:6|step3_1_finished_runs:0|step3_2_total_runs:20|step3_2_finished_runs:19|finished_rate:90.71%,False,"- type: filter.gene
  target: FilterGenesPlaceHolder
  params: {}
- type: normalize
  target: Log1P
  params: {}
- type: filter.gene
  target: FilterGenesTopK
  params:
    num_genes: 3000
- type: feature.cell
  params:
    out: feature.cell
    log_level: INFO
    split_name: train
  target: WeightedFeatureSVD
- type: misc
  target: SetConfig
  params:
    config_dict:
      feature_channel: feature.cell
      label_channel: cell_type
",0.27700001001358,"step2:https://wandb.ai/xzy11632/dance-dev/sweeps/lx59lpu4|step3:https://wandb.ai/xzy11632/dance-dev/sweeps/7serdf8x,https://wandb.ai/xzy11632/dance-dev/sweeps/lzoz84ns,https://wandb.ai/xzy11632/dance-dev/sweeps/to434kno","- type: filter.gene
  target: FilterGenesScanpyOrder
  params:
    order:
    - min_counts
    - min_cells
    - max_counts
    - max_cells
    min_counts: 0.01
    max_counts: 0.99
    min_cells: 0.01
    max_cells: 0.99
- type: normalize
  target: NormalizeTotalLog1P
  params: {}
- type: filter.gene
  target: FilterGenesTopK
  params:
    num_genes: 3000
- type: feature.cell
  params:
    out: feature.cell
    log_level: INFO
  target: FeatureCellPlaceHolder
- type: misc
  target: SetConfig
  params:
    config_dict:
      feature_channel: feature.cell
      label_channel: cell_type
",0.265500009059906,all_total_runs:150|all_finished_runs:127|step2_total_runs:90|step2_finished_runs:85|step3_0_total_runs:20|step3_0_finished_runs:20|step3_1_total_runs:20|step3_1_finished_runs:2|step3_2_total_runs:20|step3_2_finished_runs:20|finished_rate:84.67%,0.0,"- type: filter.gene
  target: FilterGenesScanpyOrder
  params:
    order:
    - min_counts
    - min_cells
    - max_counts
    - max_cells
    min_counts: 0.01
    max_counts: 0.99
    min_cells: 0.01
    max_cells: 0.99
- type: normalize
  target: NormalizeTotalLog1P
  params: {}
- type: filter.gene
  target: FilterGenesTopK
  params:
    num_genes: 3000
- type: feature.cell
  params:
    out: feature.cell
    log_level: INFO
  target: FeatureCellPlaceHolder
- type: misc
  target: SetConfig
  params:
    config_dict:
      feature_channel: feature.cell
      label_channel: cell_type
",0.265500009059906,"step2:https://wandb.ai/xzy11632/dance-dev/sweeps/521nibrv|step3:https://wandb.ai/xzy11632/dance-dev/sweeps/tzpjegz5,https://wandb.ai/xzy11632/dance-dev/sweeps/u3h40djt,https://wandb.ai/xzy11632/dance-dev/sweeps/g5cnnjw6","- type: filter.gene
  target: FilterGenesPlaceHolder
  params: {}
- type: normalize
  target: NormalizeTotalLog1P
  params: {}
- type: filter.gene
  target: FilterGenesTopK
  params:
    num_genes: 3000
- type: feature.cell
  params:
    out: feature.cell
    log_level: INFO
    split_name: train
  target: WeightedFeaturePCA
- type: graph.cell
  target: CellFeatureGraph
  params:
    cell_feature_channel: feature.cell
- type: misc
  target: SetConfig
  params:
    config_dict:
      label_channel: cell_type
",0.277999997138977,all_total_runs:90|all_finished_runs:90|step2_total_runs:30|step2_finished_runs:30|step3_0_total_runs:20|step3_0_finished_runs:20|step3_1_total_runs:20|step3_1_finished_runs:20|step3_2_total_runs:20|step3_2_finished_runs:20|finished_rate:100.00%,False,"- type: filter.gene
  target: FilterGenesPlaceHolder
  params: {}
- type: normalize
  target: NormalizeTotalLog1P
  params: {}
- type: filter.gene
  target: FilterGenesTopK
  params:
    num_genes: 3000
- type: feature.cell
  params:
    out: feature.cell
    log_level: INFO
    split_name: train
  target: WeightedFeaturePCA
- type: graph.cell
  target: CellFeatureGraph
  params:
    cell_feature_channel: feature.cell
- type: misc
  target: SetConfig
  params:
    config_dict:
      label_channel: cell_type
",0.277999997138977,"step2:https://wandb.ai/xzy11632/dance-dev/sweeps/yhknvecp|step3:https://wandb.ai/xzy11632/dance-dev/sweeps/vo4t25sw,https://wandb.ai/xzy11632/dance-dev/sweeps/9bpxyzhu,https://wandb.ai/xzy11632/dance-dev/sweeps/cs849ngl","- type: filter.gene
  target: FilterGenesPlaceHolder
  params: {}
- type: normalize
  target: NormalizeTotalLog1P
  params: {}
- type: filter.gene
  target: FilterGenesNumberPlaceHolder
  params: {}
- type: feature.cell
  target: SCNFeature
- type: misc
  target: SetConfig
  params:
    config_dict:
      feature_channel: SCNFeature
      label_channel: cell_type
",0.2765,all_total_runs:78|all_finished_runs:68|step2_total_runs:18|step2_finished_runs:15|step3_0_total_runs:20|step3_0_finished_runs:19|step3_1_total_runs:20|step3_1_finished_runs:18|step3_2_total_runs:20|step3_2_finished_runs:16|finished_rate:87.18%,False,"- type: filter.gene
  target: FilterGenesPlaceHolder
  params: {}
- type: normalize
  target: NormalizeTotalLog1P
  params: {}
- type: filter.gene
  target: FilterGenesNumberPlaceHolder
  params: {}
- type: feature.cell
  target: SCNFeature
- type: misc
  target: SetConfig
  params:
    config_dict:
      feature_channel: SCNFeature
      label_channel: cell_type
",0.2765,human,Kidney,10000,train,train_human_Kidneya51c6ece-5731-4128-8c1e-5060e80c69e4_data.h5ad,https://www.dropbox.com/scl/fi/3zfgu6g7mzv2v7f7qpwvq/human_Kidneya51c6ece-5731-4128-8c1e-5060e80c69e4_data.h5ad?rlkey=euso7cvuwcpauk21o3yme3959&dl=1,a51c6ece-5731-4128-8c1e-5060e80c69e4
fa27492b-82ff-4ab7-ac61-0e2b184eee67_Kidney,1.0,10000.0,12550.0,9.0,7329392.0,36902.0,"['endothelial cell of vascular tree', 'erythroblast', 'innate lymphoid cell', 'megakaryocyte', 'mesangial cell', 'myeloid cell', 'stromal cell', 'taste receptor cell', 'unknown']",['normal'],Kidney,10000.0,"['endothelial cell of vascular tree', 'erythroblast', 'innate lymphoid cell', 'megakaryocyte', 'mesangial cell', 'myeloid cell', 'stromal cell', 'taste receptor cell', 'unknown']",['normal'],['sci-RNA-seq'],['sci-RNA-seq'],fa27492b-82ff-4ab7-ac61-0e2b184eee67,0.0,"step2:https://wandb.ai/xzy11632/dance-dev/sweeps/nz0y112o|step3:https://wandb.ai/xzy11632/dance-dev/sweeps/w869ia5y,https://wandb.ai/xzy11632/dance-dev/sweeps/jbiuoxgh,https://wandb.ai/xzy11632/dance-dev/sweeps/mrkanqfg","- type: filter.gene
  target: FilterGenesPlaceHolder
  params: {}
- type: normalize
  target: NormalizeTotalLog1P
  params: {}
- type: filter.gene
  target: FilterGenesRegression
  params:
    num_genes: 3000
- type: feature.cell
  params:
    out: feature.cell
    log_level: INFO
    split_name: train
  target: WeightedFeaturePCA
- type: misc
  target: SetConfig
  params:
    config_dict:
      feature_channel: feature.cell
      label_channel: cell_type
",0.579500019550323,all_total_runs:168|all_finished_runs:168|step2_total_runs:108|step2_finished_runs:108|step3_0_total_runs:20|step3_0_finished_runs:20|step3_1_total_runs:20|step3_1_finished_runs:20|step3_2_total_runs:20|step3_2_finished_runs:20|finished_rate:100.00%,False,"- type: filter.gene
  target: FilterGenesPlaceHolder
  params: {}
- type: normalize
  target: NormalizeTotalLog1P
  params: {}
- type: filter.gene
  target: FilterGenesRegression
  params:
    num_genes: 3000
- type: feature.cell
  params:
    out: feature.cell
    log_level: INFO
    split_name: train
  target: WeightedFeaturePCA
- type: misc
  target: SetConfig
  params:
    config_dict:
      feature_channel: feature.cell
      label_channel: cell_type
",0.579500019550323,"step2:https://wandb.ai/xzy11632/dance-dev/sweeps/bftsqgsr|step3:https://wandb.ai/xzy11632/dance-dev/sweeps/qz5wspt1,https://wandb.ai/xzy11632/dance-dev/sweeps/qkvtp6dt,https://wandb.ai/xzy11632/dance-dev/sweeps/kax025ks","- type: filter.gene
  target: FilterGenesScanpyOrder
  params:
    order:
    - max_cells
    - max_counts
    - min_cells
    - min_counts
    min_counts: 178
    min_cells: 0.03026977129132956
    max_counts: 0.9735157451932582
    max_cells: 0.9563529475117564
- type: normalize
  target: NormalizeTotalLog1P
  params:
    base: 5.477634398874058
    target_sum: 1000
    max_fraction: 0.01
- type: filter.gene
  target: FilterGenesTopK
  params:
    num_genes: 6712
    top: false
    mode: rv
- type: feature.cell
  target: WeightedFeatureSVD
  params:
    out: feature.cell
    log_level: INFO
    n_components: 111
    feat_norm_mode: null
- type: misc
  target: SetConfig
  params:
    config_dict:
      feature_channel: feature.cell
      label_channel: cell_type
",0.533999979496002,all_total_runs:133|all_finished_runs:112|step2_total_runs:90|step2_finished_runs:90|step3_0_total_runs:20|step3_0_finished_runs:20|step3_1_total_runs:3|step3_1_finished_runs:0|step3_2_total_runs:20|step3_2_finished_runs:2|finished_rate:84.21%,0.0,"- type: filter.gene
  target: FilterGenesPercentile
  params: {}
- type: normalize
  target: ScTransform
  params:
    processes_num: 8
- type: filter.gene
  target: FilterGenesRegression
  params:
    num_genes: 3000
- type: feature.cell
  params:
    out: feature.cell
    log_level: INFO
    split_name: train
  target: WeightedFeatureSVD
- type: misc
  target: SetConfig
  params:
    config_dict:
      feature_channel: feature.cell
      label_channel: cell_type
",0.533500015735626,"step2:https://wandb.ai/xzy11632/dance-dev/sweeps/trali4sj|step3:https://wandb.ai/xzy11632/dance-dev/sweeps/pgmdhsj4,https://wandb.ai/xzy11632/dance-dev/sweeps/o2y3c9jj,https://wandb.ai/xzy11632/dance-dev/sweeps/lpwtz52o","- type: filter.gene
  target: FilterGenesPercentile
  params: {}
- type: normalize
  target: Log1P
  params: {}
- type: filter.gene
  target: FilterGenesTopK
  params:
    num_genes: 3000
- type: feature.cell
  params:
    out: feature.cell
    log_level: INFO
    split_name: train
  target: WeightedFeatureSVD
- type: graph.cell
  target: CellFeatureGraph
  params:
    cell_feature_channel: feature.cell
- type: misc
  target: SetConfig
  params:
    config_dict:
      label_channel: cell_type
",0.579999983310699,all_total_runs:90|all_finished_runs:90|step2_total_runs:30|step2_finished_runs:30|step3_0_total_runs:20|step3_0_finished_runs:20|step3_1_total_runs:20|step3_1_finished_runs:20|step3_2_total_runs:20|step3_2_finished_runs:20|finished_rate:100.00%,False,"- type: filter.gene
  target: FilterGenesPercentile
  params: {}
- type: normalize
  target: Log1P
  params: {}
- type: filter.gene
  target: FilterGenesTopK
  params:
    num_genes: 3000
- type: feature.cell
  params:
    out: feature.cell
    log_level: INFO
    split_name: train
  target: WeightedFeatureSVD
- type: graph.cell
  target: CellFeatureGraph
  params:
    cell_feature_channel: feature.cell
- type: misc
  target: SetConfig
  params:
    config_dict:
      label_channel: cell_type
",0.579999983310699,"step2:https://wandb.ai/xzy11632/dance-dev/sweeps/0viou1t3|step3:https://wandb.ai/xzy11632/dance-dev/sweeps/b6fy4y3u,https://wandb.ai/xzy11632/dance-dev/sweeps/5myewte1,https://wandb.ai/xzy11632/dance-dev/sweeps/j3kx5lbn","- type: filter.gene
  target: FilterGenesPlaceHolder
  params: {}
- type: normalize
  target: ScTransform
  params:
    processes_num: 8
- type: filter.gene
  target: HighlyVariableGenesLogarithmizedByMeanAndDisp
  params: {}
- type: feature.cell
  target: SCNFeature
- type: misc
  target: SetConfig
  params:
    config_dict:
      feature_channel: SCNFeature
      label_channel: cell_type
",0.5945,all_total_runs:61|all_finished_runs:13|step2_total_runs:18|step2_finished_runs:13|step3_0_total_runs:20|step3_0_finished_runs:0|step3_1_total_runs:20|step3_1_finished_runs:0|step3_2_total_runs:3|step3_2_finished_runs:0|finished_rate:21.31%,True,"- type: filter.gene
  target: FilterGenesPlaceHolder
  params: {}
- type: normalize
  target: ScTransform
  params:
    processes_num: 8
- type: filter.gene
  target: HighlyVariableGenesLogarithmizedByMeanAndDisp
  params: {}
- type: feature.cell
  target: SCNFeature
- type: misc
  target: SetConfig
  params:
    config_dict:
      feature_channel: SCNFeature
      label_channel: cell_type
",0.5945,human,Kidney,10000,train,train_human_Kidneyfa27492b-82ff-4ab7-ac61-0e2b184eee67(Kidney)_data.h5ad,https://www.dropbox.com/scl/fi/cqtulramrepe6rzvmjvh7/human_Kidneyfa27492b-82ff-4ab7-ac61-0e2b184eee67-Kidney-_data.h5ad?rlkey=qe991uhuf6m3o0yabjev1gepr&st=jwhicxrp&dl=1,fa27492b-82ff-4ab7-ac61-0e2b184eee67
f7c1c579-2dc0-47e2-ba19-8165c5a0e353_Kidney,2.0,10000.0,16806.0,9.0,7575238.0,149708.0,"['endothelial cell of vascular tree', 'erythroblast', 'innate lymphoid cell', 'megakaryocyte', 'mesangial cell', 'myeloid cell', 'stromal cell', 'taste receptor cell', 'unknown']",['normal'],Kidney,10000.0,"['endothelial cell of vascular tree', 'erythroblast', 'innate lymphoid cell', 'megakaryocyte', 'mesangial cell', 'myeloid cell', 'stromal cell', 'taste receptor cell', 'unknown']",['normal'],['sci-RNA-seq'],['sci-RNA-seq'],f7c1c579-2dc0-47e2-ba19-8165c5a0e353,0.0,"step2:https://wandb.ai/xzy11632/dance-dev/sweeps/vmy12d4g|step3:https://wandb.ai/xzy11632/dance-dev/sweeps/9i6mcny9,https://wandb.ai/xzy11632/dance-dev/sweeps/fzva8bsx,https://wandb.ai/xzy11632/dance-dev/sweeps/j6st6g3e","- type: filter.gene
  target: FilterGenesScanpyOrder
  params:
    order:
    - min_counts
    - min_cells
    - max_counts
    - max_cells
    min_counts: 0.01
    max_counts: 0.99
    min_cells: 0.01
    max_cells: 0.99
- type: normalize
  target: NormalizeTotal
  params: {}
- type: filter.gene
  target: FilterGenesNumberPlaceHolder
  params: {}
- type: feature.cell
  params:
    out: feature.cell
    log_level: INFO
    split_name: train
  target: WeightedFeaturePCA
- type: misc
  target: SetConfig
  params:
    config_dict:
      feature_channel: feature.cell
      label_channel: cell_type
",0.591499984264374,all_total_runs:168|all_finished_runs:166|step2_total_runs:108|step2_finished_runs:107|step3_0_total_runs:20|step3_0_finished_runs:20|step3_1_total_runs:20|step3_1_finished_runs:20|step3_2_total_runs:20|step3_2_finished_runs:19|finished_rate:98.81%,False,"- type: filter.gene
  target: FilterGenesScanpyOrder
  params:
    order:
    - min_counts
    - min_cells
    - max_counts
    - max_cells
    min_counts: 0.01
    max_counts: 0.99
    min_cells: 0.01
    max_cells: 0.99
- type: normalize
  target: NormalizeTotal
  params: {}
- type: filter.gene
  target: FilterGenesNumberPlaceHolder
  params: {}
- type: feature.cell
  params:
    out: feature.cell
    log_level: INFO
    split_name: train
  target: WeightedFeaturePCA
- type: misc
  target: SetConfig
  params:
    config_dict:
      feature_channel: feature.cell
      label_channel: cell_type
",0.591499984264374,"step2:https://wandb.ai/xzy11632/dance-dev/sweeps/d6zjlqry|step3:https://wandb.ai/xzy11632/dance-dev/sweeps/eas6te2g,https://wandb.ai/xzy11632/dance-dev/sweeps/i9u1dcdm,https://wandb.ai/xzy11632/dance-dev/sweeps/o9uovnez","- type: filter.gene
  target: FilterGenesScanpyOrder
  params:
    order:
    - min_counts
    - min_cells
    - max_counts
    - max_cells
    min_counts: 0.01
    max_counts: 0.99
    min_cells: 0.01
    max_cells: 0.99
- type: normalize
  target: ScTransform
  params:
    processes_num: 8
- type: filter.gene
  target: HighlyVariableGenesLogarithmizedByMeanAndDisp
  params: {}
- type: feature.cell
  params:
    out: feature.cell
    log_level: INFO
  target: CellPCA
- type: misc
  target: SetConfig
  params:
    config_dict:
      feature_channel: feature.cell
      label_channel: cell_type
",0.556500017642975,all_total_runs:116|all_finished_runs:106|step2_total_runs:90|step2_finished_runs:86|step3_0_total_runs:20|step3_0_finished_runs:20|step3_1_total_runs:3|step3_1_finished_runs:0|step3_2_total_runs:3|step3_2_finished_runs:0|finished_rate:91.38%,0.0,"- type: filter.gene
  target: FilterGenesScanpyOrder
  params:
    order:
    - min_counts
    - min_cells
    - max_counts
    - max_cells
    min_counts: 0.01
    max_counts: 0.99
    min_cells: 0.01
    max_cells: 0.99
- type: normalize
  target: ScTransform
  params:
    processes_num: 8
- type: filter.gene
  target: HighlyVariableGenesLogarithmizedByMeanAndDisp
  params: {}
- type: feature.cell
  params:
    out: feature.cell
    log_level: INFO
  target: CellPCA
- type: misc
  target: SetConfig
  params:
    config_dict:
      feature_channel: feature.cell
      label_channel: cell_type
",0.556500017642975,"step2:https://wandb.ai/xzy11632/dance-dev/sweeps/78jkum2y|step3:https://wandb.ai/xzy11632/dance-dev/sweeps/5ndxiacm,https://wandb.ai/xzy11632/dance-dev/sweeps/0z1ru9nx,https://wandb.ai/xzy11632/dance-dev/sweeps/gcfnnl6i","- type: filter.gene
  target: FilterGenesScanpyOrder
  params:
    order:
    - min_counts
    - min_cells
    - max_counts
    - max_cells
    min_counts: 0.01
    max_counts: 0.99
    min_cells: 0.01
    max_cells: 0.99
- type: normalize
  target: Log1P
  params: {}
- type: filter.gene
  target: FilterGenesTopK
  params:
    num_genes: 3000
- type: feature.cell
  params:
    out: feature.cell
    log_level: INFO
    split_name: train
  target: WeightedFeatureSVD
- type: graph.cell
  target: CellFeatureGraph
  params:
    cell_feature_channel: feature.cell
- type: misc
  target: SetConfig
  params:
    config_dict:
      label_channel: cell_type
",0.596499979496002,all_total_runs:90|all_finished_runs:87|step2_total_runs:30|step2_finished_runs:29|step3_0_total_runs:20|step3_0_finished_runs:19|step3_1_total_runs:20|step3_1_finished_runs:19|step3_2_total_runs:20|step3_2_finished_runs:20|finished_rate:96.67%,False,"- type: filter.gene
  target: FilterGenesScanpyOrder
  params:
    order:
    - min_counts
    - min_cells
    - max_counts
    - max_cells
    min_counts: 0.01
    max_counts: 0.99
    min_cells: 0.01
    max_cells: 0.99
- type: normalize
  target: Log1P
  params: {}
- type: filter.gene
  target: FilterGenesTopK
  params:
    num_genes: 3000
- type: feature.cell
  params:
    out: feature.cell
    log_level: INFO
    split_name: train
  target: WeightedFeatureSVD
- type: graph.cell
  target: CellFeatureGraph
  params:
    cell_feature_channel: feature.cell
- type: misc
  target: SetConfig
  params:
    config_dict:
      label_channel: cell_type
",0.596499979496002,"step2:https://wandb.ai/xzy11632/dance-dev/sweeps/m3qwo2k3|step3:https://wandb.ai/xzy11632/dance-dev/sweeps/nbhh43f7,https://wandb.ai/xzy11632/dance-dev/sweeps/hxj3l3to,https://wandb.ai/xzy11632/dance-dev/sweeps/a4o7j0lu","- type: filter.gene
  target: FilterGenesPercentile
  params: {}
- type: normalize
  target: ScTransform
  params:
    processes_num: 8
- type: filter.gene
  target: HighlyVariableGenesLogarithmizedByMeanAndDisp
  params: {}
- type: feature.cell
  target: SCNFeature
- type: misc
  target: SetConfig
  params:
    config_dict:
      feature_channel: SCNFeature
      label_channel: cell_type
",0.5705,all_total_runs:61|all_finished_runs:15|step2_total_runs:18|step2_finished_runs:14|step3_0_total_runs:3|step3_0_finished_runs:0|step3_1_total_runs:20|step3_1_finished_runs:1|step3_2_total_runs:20|step3_2_finished_runs:0|finished_rate:24.59%,True,"- type: filter.gene
  target: FilterGenesPercentile
  params: {}
- type: normalize
  target: ScTransform
  params:
    processes_num: 8
- type: filter.gene
  target: HighlyVariableGenesLogarithmizedByMeanAndDisp
  params: {}
- type: feature.cell
  target: SCNFeature
- type: misc
  target: SetConfig
  params:
    config_dict:
      feature_channel: SCNFeature
      label_channel: cell_type
",0.5705,human,Kidney,10000,train,train_human_Kidneyf7c1c579-2dc0-47e2-ba19-8165c5a0e353(Kidney)_data.h5ad,https://www.dropbox.com/scl/fi/krhe97shrnuofdlthnopj/human_Kidneyf7c1c579-2dc0-47e2-ba19-8165c5a0e353-Kidney-_data.h5ad?rlkey=0lft0ebfaz4e0rzo1xpotmt79&st=7ie3uc6i&dl=1,f7c1c579-2dc0-47e2-ba19-8165c5a0e353
105c7dad-0468-4628-a5be-2bb42c6a8ae4_Kidney,3.0,10000.0,13123.0,26.0,10506749.0,40258.0,"['B cell', 'CD4-positive, alpha-beta T cell', 'CD8-positive, alpha-beta T cell', 'epithelial cell of glomerular capsule', 'epithelial cell of proximal tubule', 'fibroblast', 'glomerular endothelial cell', 'kidney connecting tubule epithelial cell', 'kidney epithelial cell', 'kidney loop of Henle thick ascending limb epithelial cell', 'lymphocyte', 'mast cell', 'mononuclear phagocyte', 'myofibroblast cell', 'natural killer cell', 'neutrophil', 'peritubular capillary endothelial cell', 'plasmacytoid dendritic cell', 'progenitor cell', 'renal alpha-intercalated cell', 'renal beta-intercalated cell', 'renal intercalated cell', 'renal principal cell', 'urothelial cell', 'vasa recta ascending limb cell', 'vasa recta descending limb cell']",['normal'],Kidney,10000.0,"['B cell', 'CD4-positive, alpha-beta T cell', 'CD8-positive, alpha-beta T cell', 'epithelial cell of glomerular capsule', 'epithelial cell of proximal tubule', 'fibroblast', 'glomerular endothelial cell', 'kidney connecting tubule epithelial cell', 'kidney epithelial cell', 'kidney loop of Henle thick ascending limb epithelial cell', 'lymphocyte', 'mast cell', 'mononuclear phagocyte', 'myofibroblast cell', 'natural killer cell', 'neutrophil', 'peritubular capillary endothelial cell', 'plasmacytoid dendritic cell', 'progenitor cell', 'renal alpha-intercalated cell', 'renal beta-intercalated cell', 'renal intercalated cell', 'renal principal cell', 'urothelial cell', 'vasa recta ascending limb cell', 'vasa recta descending limb cell']",['normal'],"[""10x 3' v2""]","[""10x 3' v2""]",105c7dad-0468-4628-a5be-2bb42c6a8ae4,0.0,"step2:https://wandb.ai/xzy11632/dance-dev/sweeps/wpoh51gx|step3:https://wandb.ai/xzy11632/dance-dev/sweeps/k8d7y8c7,https://wandb.ai/xzy11632/dance-dev/sweeps/iyy48ll4,https://wandb.ai/xzy11632/dance-dev/sweeps/9pu1bj8d","- type: filter.gene
  target: FilterGenesScanpyOrder
  params:
    order:
    - min_counts
    - min_cells
    - max_counts
    - max_cells
    min_counts: 0.01
    max_counts: 0.99
    min_cells: 0.01
    max_cells: 0.99
- type: normalize
  target: ScaleFeature
  params: {}
- type: filter.gene
  target: HighlyVariableGenesRawCount
  params:
    n_top_genes: 3000
- type: feature.cell
  params:
    out: feature.cell
    log_level: INFO
    split_name: train
  target: WeightedFeatureSVD
- type: misc
  target: SetConfig
  params:
    config_dict:
      feature_channel: feature.cell
      label_channel: cell_type
",0.712499976158142,all_total_runs:154|all_finished_runs:148|step2_total_runs:108|step2_finished_runs:108|step3_0_total_runs:20|step3_0_finished_runs:20|step3_1_total_runs:20|step3_1_finished_runs:20|step3_2_total_runs:6|step3_2_finished_runs:0|finished_rate:96.10%,False,"- type: filter.gene
  target: FilterGenesScanpyOrder
  params:
    order:
    - min_counts
    - min_cells
    - max_counts
    - max_cells
    min_counts: 0.01
    max_counts: 0.99
    min_cells: 0.01
    max_cells: 0.99
- type: normalize
  target: ScaleFeature
  params: {}
- type: filter.gene
  target: HighlyVariableGenesRawCount
  params:
    n_top_genes: 3000
- type: feature.cell
  params:
    out: feature.cell
    log_level: INFO
    split_name: train
  target: WeightedFeatureSVD
- type: misc
  target: SetConfig
  params:
    config_dict:
      feature_channel: feature.cell
      label_channel: cell_type
",0.712499976158142,"step2:https://wandb.ai/xzy11632/dance-dev/sweeps/nhfo7fv2|step3:https://wandb.ai/xzy11632/dance-dev/sweeps/9lpunoz0,https://wandb.ai/xzy11632/dance-dev/sweeps/nruw5585,https://wandb.ai/xzy11632/dance-dev/sweeps/a5y76kbm","- type: filter.gene
  target: FilterGenesScanpyOrder
  params:
    order:
    - min_counts
    - max_counts
    - max_cells
    - min_cells
    min_counts: 475
    min_cells: 0.031524781357779995
    max_counts: 0.9269230459208144
    max_cells: 0.954283586295532
- type: normalize
  target: NormalizeTotalLog1P
  params:
    base: 3.0939041713315456
    target_sum: 10000
    max_fraction: 1
- type: filter.gene
  target: HighlyVariableGenesLogarithmizedByTopGenes
  params:
    n_top_genes: 7173
    n_bins: 23
    flavor: cell_ranger
- type: feature.cell
  target: FeatureCellPlaceHolder
  params:
    out: feature.cell
    log_level: INFO
- type: misc
  target: SetConfig
  params:
    config_dict:
      feature_channel: feature.cell
      label_channel: cell_type
",0.700999975204468,all_total_runs:116|all_finished_runs:100|step2_total_runs:90|step2_finished_runs:81|step3_0_total_runs:20|step3_0_finished_runs:19|step3_1_total_runs:3|step3_1_finished_runs:0|step3_2_total_runs:3|step3_2_finished_runs:0|finished_rate:86.21%,0.0,"- type: filter.gene
  target: FilterGenesScanpyOrder
  params:
    order:
    - min_counts
    - min_cells
    - max_counts
    - max_cells
    min_counts: 0.01
    max_counts: 0.99
    min_cells: 0.01
    max_cells: 0.99
- type: normalize
  target: ScTransform
  params:
    processes_num: 8
- type: filter.gene
  target: HighlyVariableGenesLogarithmizedByTopGenes
  params:
    n_top_genes: 3000
- type: feature.cell
  params:
    out: feature.cell
    log_level: INFO
  target: FeatureCellPlaceHolder
- type: misc
  target: SetConfig
  params:
    config_dict:
      feature_channel: feature.cell
      label_channel: cell_type
",0.69650000333786,"step2:https://wandb.ai/xzy11632/dance-dev/sweeps/sxaukckw|step3:https://wandb.ai/xzy11632/dance-dev/sweeps/es959bgt,https://wandb.ai/xzy11632/dance-dev/sweeps/0mjs13p3,https://wandb.ai/xzy11632/dance-dev/sweeps/ulso8fy8","- type: filter.gene
  target: FilterGenesScanpyOrder
  params:
    order:
    - min_counts
    - min_cells
    - max_counts
    - max_cells
    min_counts: 0.01
    max_counts: 0.99
    min_cells: 0.01
    max_cells: 0.99
- type: normalize
  target: NormalizeTotalLog1P
  params: {}
- type: filter.gene
  target: HighlyVariableGenesLogarithmizedByTopGenes
  params:
    n_top_genes: 3000
- type: feature.cell
  params:
    out: feature.cell
    log_level: INFO
    split_name: train
  target: WeightedFeatureSVD
- type: graph.cell
  target: CellFeatureGraph
  params:
    cell_feature_channel: feature.cell
- type: misc
  target: SetConfig
  params:
    config_dict:
      label_channel: cell_type
",0.702499985694885,all_total_runs:90|all_finished_runs:88|step2_total_runs:30|step2_finished_runs:29|step3_0_total_runs:20|step3_0_finished_runs:20|step3_1_total_runs:20|step3_1_finished_runs:20|step3_2_total_runs:20|step3_2_finished_runs:19|finished_rate:97.78%,False,"- type: filter.gene
  target: FilterGenesScanpyOrder
  params:
    order:
    - min_counts
    - min_cells
    - max_counts
    - max_cells
    min_counts: 0.01
    max_counts: 0.99
    min_cells: 0.01
    max_cells: 0.99
- type: normalize
  target: NormalizeTotalLog1P
  params: {}
- type: filter.gene
  target: HighlyVariableGenesLogarithmizedByTopGenes
  params:
    n_top_genes: 3000
- type: feature.cell
  params:
    out: feature.cell
    log_level: INFO
    split_name: train
  target: WeightedFeatureSVD
- type: graph.cell
  target: CellFeatureGraph
  params:
    cell_feature_channel: feature.cell
- type: misc
  target: SetConfig
  params:
    config_dict:
      label_channel: cell_type
",0.702499985694885,"step2:https://wandb.ai/xzy11632/dance-dev/sweeps/ltqkqbrr|step3:https://wandb.ai/xzy11632/dance-dev/sweeps/vk0mrz3l,https://wandb.ai/xzy11632/dance-dev/sweeps/rz3sus8f,https://wandb.ai/xzy11632/dance-dev/sweeps/4pmc8dlw","- type: filter.gene
  target: FilterGenesScanpyOrder
  params:
    order:
    - min_counts
    - min_cells
    - max_counts
    - max_cells
    min_counts: 0.01
    max_counts: 0.99
    min_cells: 0.01
    max_cells: 0.99
- type: normalize
  target: ScaleFeature
  params: {}
- type: filter.gene
  target: FilterGenesNumberPlaceHolder
  params: {}
- type: feature.cell
  target: SCNFeature
- type: misc
  target: SetConfig
  params:
    config_dict:
      feature_channel: SCNFeature
      label_channel: cell_type
",0.6975,all_total_runs:78|all_finished_runs:60|step2_total_runs:18|step2_finished_runs:9|step3_0_total_runs:20|step3_0_finished_runs:17|step3_1_total_runs:20|step3_1_finished_runs:14|step3_2_total_runs:20|step3_2_finished_runs:20|finished_rate:76.92%,False,"- type: filter.gene
  target: FilterGenesScanpyOrder
  params:
    order:
    - min_counts
    - min_cells
    - max_counts
    - max_cells
    min_counts: 0.01
    max_counts: 0.99
    min_cells: 0.01
    max_cells: 0.99
- type: normalize
  target: ScaleFeature
  params: {}
- type: filter.gene
  target: FilterGenesNumberPlaceHolder
  params: {}
- type: feature.cell
  target: SCNFeature
- type: misc
  target: SetConfig
  params:
    config_dict:
      feature_channel: SCNFeature
      label_channel: cell_type
",0.6975,human,Kidney,10000,train,train_human_Kidney105c7dad-0468-4628-a5be-2bb42c6a8ae4_data.h5ad,https://www.dropbox.com/scl/fi/mhr92khp2j4ydit9mjiky/human_Kidney105c7dad-0468-4628-a5be-2bb42c6a8ae4_data.h5ad?rlkey=9eg9ota05td575buw4vh6qdjd&dl=1,105c7dad-0468-4628-a5be-2bb42c6a8ae4
5af90777-6760-4003-9dba-8f945fec6fdf_Kidney,4.0,10000.0,15911.0,45.0,12575255.0,192956.0,"['B cell', 'CD4-positive, CD25-positive, alpha-beta regulatory T cell', 'CD4-positive, alpha-beta T cell', 'CD8-positive, alpha-beta T cell', 'IgA plasma cell', 'IgG plasma cell', 'MHC-II-positive classical monocyte', 'activated type II NK T cell', 'class switched memory B cell', 'classical monocyte', 'collagen secreting cell', 'conventional dendritic cell', 'effector memory CD4-positive, alpha-beta T cell', 'effector memory CD8-positive, alpha-beta T cell', 'endothelial cell', 'endothelial cell of lymphatic vessel', 'epithelial cell', 'epithelial cell of proximal tubule', 'epithelial cell of proximal tubule segment 1', 'epithelial cell of proximal tubule segment 3', 'fibroblast', 'gamma-delta T cell', 'innate lymphoid cell', 'kidney collecting duct principal cell', 'kidney connecting tubule principal cell', 'kidney distal convoluted tubule epithelial cell', 'kidney loop of Henle ascending limb epithelial cell', 'kidney loop of Henle thick ascending limb epithelial cell', 'kidney pelvis urothelial cell', 'macrophage', 'mast cell', 'mucosal invariant T cell', 'naive B cell', 'naive thymus-derived CD4-positive, alpha-beta T cell', 'naive thymus-derived CD8-positive, alpha-beta T cell', 'natural killer cell', 'non-classical monocyte', 'pericyte', 'plasma cell', 'plasmacytoid dendritic cell', 'podocyte', 'renal alpha-intercalated cell', 'renal beta-intercalated cell', 'unknown', 'unswitched memory B cell']","['kidney benign neoplasm', 'kidney oncocytoma', 'nonpapillary renal cell carcinoma', 'normal']",Kidney,10000.0,"['B cell', 'CD4-positive, CD25-positive, alpha-beta regulatory T cell', 'CD4-positive, alpha-beta T cell', 'CD8-positive, alpha-beta T cell', 'IgA plasma cell', 'IgG plasma cell', 'MHC-II-positive classical monocyte', 'activated type II NK T cell', 'class switched memory B cell', 'classical monocyte', 'collagen secreting cell', 'conventional dendritic cell', 'effector memory CD4-positive, alpha-beta T cell', 'effector memory CD8-positive, alpha-beta T cell', 'endothelial cell', 'endothelial cell of lymphatic vessel', 'epithelial cell', 'epithelial cell of proximal tubule', 'epithelial cell of proximal tubule segment 1', 'epithelial cell of proximal tubule segment 3', 'fibroblast', 'gamma-delta T cell', 'innate lymphoid cell', 'kidney collecting duct principal cell', 'kidney connecting tubule principal cell', 'kidney distal convoluted tubule epithelial cell', 'kidney loop of Henle ascending limb epithelial cell', 'kidney loop of Henle thick ascending limb epithelial cell', 'kidney pelvis urothelial cell', 'macrophage', 'mast cell', 'mucosal invariant T cell', 'naive B cell', 'naive thymus-derived CD4-positive, alpha-beta T cell', 'naive thymus-derived CD8-positive, alpha-beta T cell', 'natural killer cell', 'non-classical monocyte', 'pericyte', 'plasma cell', 'plasmacytoid dendritic cell', 'podocyte', 'renal alpha-intercalated cell', 'renal beta-intercalated cell', 'unknown', 'unswitched memory B cell']","['kidney benign neoplasm', 'kidney oncocytoma', 'nonpapillary renal cell carcinoma', 'normal']","[""10x 5' transcription profiling""]","[""10x 5' transcription profiling""]",5af90777-6760-4003-9dba-8f945fec6fdf,0.0,"step2:https://wandb.ai/xzy11632/dance-dev/sweeps/y3y9bi7j|step3:https://wandb.ai/xzy11632/dance-dev/sweeps/7wkympnw,https://wandb.ai/xzy11632/dance-dev/sweeps/wcig9he8,https://wandb.ai/xzy11632/dance-dev/sweeps/k6p3bc9m","- type: filter.gene
  target: FilterGenesPercentile
  params: {}
- type: normalize
  target: Log1P
  params: {}
- type: filter.gene
  target: FilterGenesTopK
  params:
    num_genes: 3000
- type: feature.cell
  params:
    out: feature.cell
    log_level: INFO
    split_name: train
  target: WeightedFeaturePCA
- type: misc
  target: SetConfig
  params:
    config_dict:
      feature_channel: feature.cell
      label_channel: cell_type
",0.299499988555908,all_total_runs:168|all_finished_runs:168|step2_total_runs:108|step2_finished_runs:108|step3_0_total_runs:20|step3_0_finished_runs:20|step3_1_total_runs:20|step3_1_finished_runs:20|step3_2_total_runs:20|step3_2_finished_runs:20|finished_rate:100.00%,False,"- type: filter.gene
  target: FilterGenesPercentile
  params: {}
- type: normalize
  target: Log1P
  params: {}
- type: filter.gene
  target: FilterGenesTopK
  params:
    num_genes: 3000
- type: feature.cell
  params:
    out: feature.cell
    log_level: INFO
    split_name: train
  target: WeightedFeaturePCA
- type: misc
  target: SetConfig
  params:
    config_dict:
      feature_channel: feature.cell
      label_channel: cell_type
",0.299499988555908,"step2:https://wandb.ai/xzy11632/dance-dev/sweeps/ponkgbz1|step3:https://wandb.ai/xzy11632/dance-dev/sweeps/e0nh62wq,https://wandb.ai/xzy11632/dance-dev/sweeps/3gmtxzfb,https://wandb.ai/xzy11632/dance-dev/sweeps/izi7ttbn","- type: filter.gene
  target: FilterGenesPercentile
  params: {}
- type: normalize
  target: NormalizeTotal
  params: {}
- type: filter.gene
  target: FilterGenesTopK
  params:
    num_genes: 3000
- type: feature.cell
  params:
    out: feature.cell
    log_level: INFO
  target: GaussRandProjFeature
- type: misc
  target: SetConfig
  params:
    config_dict:
      feature_channel: feature.cell
      label_channel: cell_type
",0.273499995470047,all_total_runs:150|all_finished_runs:126|step2_total_runs:90|step2_finished_runs:85|step3_0_total_runs:20|step3_0_finished_runs:20|step3_1_total_runs:20|step3_1_finished_runs:20|step3_2_total_runs:20|step3_2_finished_runs:1|finished_rate:84.00%,0.0,"- type: filter.gene
  target: FilterGenesPercentile
  params: {}
- type: normalize
  target: NormalizeTotal
  params: {}
- type: filter.gene
  target: FilterGenesTopK
  params:
    num_genes: 3000
- type: feature.cell
  params:
    out: feature.cell
    log_level: INFO
  target: GaussRandProjFeature
- type: misc
  target: SetConfig
  params:
    config_dict:
      feature_channel: feature.cell
      label_channel: cell_type
",0.273499995470047,step2:https://wandb.ai/xzy11632/dance-dev/sweeps/8mj5qbtj|step3:https://wandb.ai/xzy11632/dance-dev/sweeps/i89fayzj,"- type: filter.gene
  target: FilterGenesScanpyOrder
  params:
    order:
    - min_counts
    - min_cells
    - max_counts
    - max_cells
    min_counts: 0.01
    max_counts: 0.99
    min_cells: 0.01
    max_cells: 0.99
- type: normalize
  target: Log1P
  params: {}
- type: filter.gene
  target: HighlyVariableGenesLogarithmizedByTopGenes
  params:
    n_top_genes: 3000
- type: feature.cell
  params:
    out: feature.cell
    log_level: INFO
    split_name: train
  target: WeightedFeaturePCA
- type: graph.cell
  target: CellFeatureGraph
  params:
    cell_feature_channel: feature.cell
- type: misc
  target: SetConfig
  params:
    config_dict:
      label_channel: cell_type
",0.28099998831749,all_total_runs:50|all_finished_runs:50|step2_total_runs:30|step2_finished_runs:30|step3_0_total_runs:20|step3_0_finished_runs:20|finished_rate:100.00%,False,"- type: filter.gene
  target: FilterGenesScanpyOrder
  params:
    order:
    - min_counts
    - min_cells
    - max_counts
    - max_cells
    min_counts: 0.01
    max_counts: 0.99
    min_cells: 0.01
    max_cells: 0.99
- type: normalize
  target: Log1P
  params: {}
- type: filter.gene
  target: HighlyVariableGenesLogarithmizedByTopGenes
  params:
    n_top_genes: 3000
- type: feature.cell
  params:
    out: feature.cell
    log_level: INFO
    split_name: train
  target: WeightedFeaturePCA
- type: graph.cell
  target: CellFeatureGraph
  params:
    cell_feature_channel: feature.cell
- type: misc
  target: SetConfig
  params:
    config_dict:
      label_channel: cell_type
",0.28099998831749,"step2:https://wandb.ai/xzy11632/dance-dev/sweeps/k8v28kaa|step3:https://wandb.ai/xzy11632/dance-dev/sweeps/acdrr73z,https://wandb.ai/xzy11632/dance-dev/sweeps/0qwwbur3,https://wandb.ai/xzy11632/dance-dev/sweeps/x72wq393","- type: filter.gene
  target: FilterGenesPlaceHolder
  params: {}
- type: normalize
  target: ScTransform
  params:
    processes_num: 8
- type: filter.gene
  target: FilterGenesRegression
  params:
    num_genes: 3000
- type: feature.cell
  target: SCNFeature
- type: misc
  target: SetConfig
  params:
    config_dict:
      feature_channel: SCNFeature
      label_channel: cell_type
",0.2625,all_total_runs:78|all_finished_runs:54|step2_total_runs:18|step2_finished_runs:16|step3_0_total_runs:20|step3_0_finished_runs:2|step3_1_total_runs:20|step3_1_finished_runs:19|step3_2_total_runs:20|step3_2_finished_runs:17|finished_rate:69.23%,False,"- type: filter.gene
  target: FilterGenesPlaceHolder
  params: {}
- type: normalize
  target: ScTransform
  params:
    processes_num: 8
- type: filter.gene
  target: FilterGenesRegression
  params:
    num_genes: 3000
- type: feature.cell
  target: SCNFeature
- type: misc
  target: SetConfig
  params:
    config_dict:
      feature_channel: SCNFeature
      label_channel: cell_type
",0.2625,human,Kidney,10000,train,train_human_Kidney5af90777-6760-4003-9dba-8f945fec6fdf_data.h5ad,https://www.dropbox.com/scl/fi/29d15brkbpsx14tr9qt0w/human_Kidney5af90777-6760-4003-9dba-8f945fec6fdf_data.h5ad?rlkey=sxzcd0btog8nhm13sf36r0q78&dl=1,5af90777-6760-4003-9dba-8f945fec6fdf
dea717d4-7bc0-4e46-950f-fd7e1cc8df7d_Kidney,5.0,10000.0,20997.0,25.0,16885689.0,225177.0,"['B cell', 'T cell', 'conventional dendritic cell', 'cytotoxic T cell', 'endothelial cell', 'epithelial cell of proximal tubule', 'kidney collecting duct intercalated cell', 'kidney collecting duct principal cell', 'kidney connecting tubule epithelial cell', 'kidney distal convoluted tubule epithelial cell', 'kidney interstitial alternatively activated macrophage', 'kidney interstitial cell', 'kidney loop of Henle thick ascending limb epithelial cell', 'kidney loop of Henle thin ascending limb epithelial cell', 'kidney loop of Henle thin descending limb epithelial cell', 'mast cell', 'mature NK T cell', 'monocyte', 'mononuclear phagocyte', 'natural killer cell', 'non-classical monocyte', 'parietal epithelial cell', 'plasma cell', 'plasmacytoid dendritic cell, human', 'podocyte']","['acute kidney failure', 'chronic kidney disease', 'normal']",Kidney,10000.0,"['B cell', 'T cell', 'conventional dendritic cell', 'cytotoxic T cell', 'endothelial cell', 'epithelial cell of proximal tubule', 'kidney collecting duct intercalated cell', 'kidney collecting duct principal cell', 'kidney connecting tubule epithelial cell', 'kidney distal convoluted tubule epithelial cell', 'kidney interstitial alternatively activated macrophage', 'kidney interstitial cell', 'kidney loop of Henle thick ascending limb epithelial cell', 'kidney loop of Henle thin ascending limb epithelial cell', 'kidney loop of Henle thin descending limb epithelial cell', 'mast cell', 'mature NK T cell', 'monocyte', 'mononuclear phagocyte', 'natural killer cell', 'non-classical monocyte', 'parietal epithelial cell', 'plasma cell', 'plasmacytoid dendritic cell, human', 'podocyte']","['acute kidney failure', 'chronic kidney disease', 'normal']","[""10x 3' v3""]","[""10x 3' v3""]",dea717d4-7bc0-4e46-950f-fd7e1cc8df7d,0.0,"step2:https://wandb.ai/xzy11632/dance-dev/sweeps/ny97sshb|step3:https://wandb.ai/xzy11632/dance-dev/sweeps/ss5moh9u,https://wandb.ai/xzy11632/dance-dev/sweeps/bmtptpfs,https://wandb.ai/xzy11632/dance-dev/sweeps/2b932alw","- type: filter.gene
  target: FilterGenesPercentile
  params: {}
- type: normalize
  target: Log1P
  params: {}
- type: filter.gene
  target: FilterGenesTopK
  params:
    num_genes: 3000
- type: feature.cell
  params:
    out: feature.cell
    log_level: INFO
    split_name: train
  target: WeightedFeaturePCA
- type: misc
  target: SetConfig
  params:
    config_dict:
      feature_channel: feature.cell
      label_channel: cell_type
",0.221000000834465,all_total_runs:168|all_finished_runs:166|step2_total_runs:108|step2_finished_runs:107|step3_0_total_runs:20|step3_0_finished_runs:20|step3_1_total_runs:20|step3_1_finished_runs:20|step3_2_total_runs:20|step3_2_finished_runs:19|finished_rate:98.81%,False,"- type: filter.gene
  target: FilterGenesPercentile
  params: {}
- type: normalize
  target: Log1P
  params: {}
- type: filter.gene
  target: FilterGenesTopK
  params:
    num_genes: 3000
- type: feature.cell
  params:
    out: feature.cell
    log_level: INFO
    split_name: train
  target: WeightedFeaturePCA
- type: misc
  target: SetConfig
  params:
    config_dict:
      feature_channel: feature.cell
      label_channel: cell_type
",0.221000000834465,"step2:https://wandb.ai/xzy11632/dance-dev/sweeps/bv119ys8|step3:https://wandb.ai/xzy11632/dance-dev/sweeps/imxobp2w,https://wandb.ai/xzy11632/dance-dev/sweeps/eaoiygvj,https://wandb.ai/xzy11632/dance-dev/sweeps/662qpi5q","- type: filter.gene
  target: FilterGenesPlaceHolder
- type: normalize
  target: NormalizePlaceHolder
- type: filter.gene
  target: FilterGenesTopK
  params:
    num_genes: 965
    top: true
    mode: cv
- type: feature.cell
  target: GaussRandProjFeature
  params:
    out: feature.cell
    log_level: INFO
    n_components: 246
- type: misc
  target: SetConfig
  params:
    config_dict:
      feature_channel: feature.cell
      label_channel: cell_type
",0.243499994277954,all_total_runs:150|all_finished_runs:130|step2_total_runs:90|step2_finished_runs:89|step3_0_total_runs:20|step3_0_finished_runs:20|step3_1_total_runs:20|step3_1_finished_runs:20|step3_2_total_runs:20|step3_2_finished_runs:1|finished_rate:86.67%,0.0,"- type: filter.gene
  target: FilterGenesPercentile
  params: {}
- type: normalize
  target: NormalizeTotal
  params: {}
- type: filter.gene
  target: FilterGenesTopK
  params:
    num_genes: 3000
- type: feature.cell
  params:
    out: feature.cell
    log_level: INFO
  target: GaussRandProjFeature
- type: misc
  target: SetConfig
  params:
    config_dict:
      feature_channel: feature.cell
      label_channel: cell_type
",0.226999998092651,step2:https://wandb.ai/xzy11632/dance-dev/sweeps/lh0y0y47|step3:,"- type: filter.gene
  target: FilterGenesPlaceHolder
  params: {}
- type: normalize
  target: ScaleFeature
  params: {}
- type: filter.gene
  target: HighlyVariableGenesLogarithmizedByTopGenes
  params:
    n_top_genes: 3000
- type: feature.cell
  params:
    out: feature.cell
    log_level: INFO
    split_name: train
  target: WeightedFeatureSVD
- type: graph.cell
  target: CellFeatureGraph
  params:
    cell_feature_channel: feature.cell
- type: misc
  target: SetConfig
  params:
    config_dict:
      label_channel: cell_type
",0.249500006437302,all_total_runs:30|all_finished_runs:30|step2_total_runs:30|step2_finished_runs:30|finished_rate:100.00%,False,"- type: filter.gene
  target: FilterGenesPlaceHolder
  params: {}
- type: normalize
  target: ScaleFeature
  params: {}
- type: filter.gene
  target: HighlyVariableGenesLogarithmizedByTopGenes
  params:
    n_top_genes: 3000
- type: feature.cell
  params:
    out: feature.cell
    log_level: INFO
    split_name: train
  target: WeightedFeatureSVD
- type: graph.cell
  target: CellFeatureGraph
  params:
    cell_feature_channel: feature.cell
- type: misc
  target: SetConfig
  params:
    config_dict:
      label_channel: cell_type
",0.249500006437302,"step2:https://wandb.ai/xzy11632/dance-dev/sweeps/ubj3byxy|step3:https://wandb.ai/xzy11632/dance-dev/sweeps/z4kvhxsv,https://wandb.ai/xzy11632/dance-dev/sweeps/2qs20tde,https://wandb.ai/xzy11632/dance-dev/sweeps/3vse1aqu","- type: filter.gene
  target: FilterGenesScanpyOrder
  params:
    order:
    - min_counts
    - min_cells
    - max_counts
    - max_cells
    min_counts: 0.01
    max_counts: 0.99
    min_cells: 0.01
    max_cells: 0.99
- type: normalize
  target: NormalizeTotal
  params: {}
- type: filter.gene
  target: FilterGenesRegression
  params:
    num_genes: 3000
- type: feature.cell
  target: SCNFeature
- type: misc
  target: SetConfig
  params:
    config_dict:
      feature_channel: SCNFeature
      label_channel: cell_type
",0.229,all_total_runs:99|all_finished_runs:61|step2_total_runs:90|step2_finished_runs:61|step3_0_total_runs:3|step3_0_finished_runs:0|step3_1_total_runs:3|step3_1_finished_runs:0|step3_2_total_runs:3|step3_2_finished_runs:0|finished_rate:61.62%,False,"- type: filter.gene
  target: FilterGenesScanpyOrder
  params:
    order:
    - min_counts
    - min_cells
    - max_counts
    - max_cells
    min_counts: 0.01
    max_counts: 0.99
    min_cells: 0.01
    max_cells: 0.99
- type: normalize
  target: NormalizeTotal
  params: {}
- type: filter.gene
  target: FilterGenesRegression
  params:
    num_genes: 3000
- type: feature.cell
  target: SCNFeature
- type: misc
  target: SetConfig
  params:
    config_dict:
      feature_channel: SCNFeature
      label_channel: cell_type
",0.229,human,Kidney,10000,train,train_human_Kidneydea717d4-7bc0-4e46-950f-fd7e1cc8df7d_data.h5ad,https://www.dropbox.com/scl/fi/gkqbvzh99bhegjar2b9q0/human_Kidneydea717d4-7bc0-4e46-950f-fd7e1cc8df7d_data.h5ad?rlkey=emfdlopj8v08yqqp9c82n16je&dl=1,dea717d4-7bc0-4e46-950f-fd7e1cc8df7d
9df60c57-fdf3-4e93-828e-fe9303f20438_Kidney,6.0,10000.0,12891.0,13.0,16392442.0,19985.0,"['epithelial cell of proximal tubule', 'fibroblast', 'kidney capillary endothelial cell', 'kidney connecting tubule epithelial cell', 'kidney distal convoluted tubule epithelial cell', 'kidney loop of Henle thick ascending limb epithelial cell', 'leukocyte', 'mesangial cell', 'parietal epithelial cell', 'podocyte', 'renal alpha-intercalated cell', 'renal beta-intercalated cell', 'renal principal cell']",['normal'],Kidney,10000.0,"['epithelial cell of proximal tubule', 'fibroblast', 'kidney capillary endothelial cell', 'kidney connecting tubule epithelial cell', 'kidney distal convoluted tubule epithelial cell', 'kidney loop of Henle thick ascending limb epithelial cell', 'leukocyte', 'mesangial cell', 'parietal epithelial cell', 'podocyte', 'renal alpha-intercalated cell', 'renal beta-intercalated cell', 'renal principal cell']",['normal'],"[""10x 5' v1""]","[""10x 5' v1""]",9df60c57-fdf3-4e93-828e-fe9303f20438,0.0,"step2:https://wandb.ai/xzy11632/dance-dev/sweeps/epet5lvw|step3:https://wandb.ai/xzy11632/dance-dev/sweeps/pptdldx7,https://wandb.ai/xzy11632/dance-dev/sweeps/kg9nzatc,https://wandb.ai/xzy11632/dance-dev/sweeps/2xo97x1u","- type: filter.gene
  target: FilterGenesPlaceHolder
  params: {}
- type: normalize
  target: NormalizeTotalLog1P
  params: {}
- type: filter.gene
  target: HighlyVariableGenesLogarithmizedByTopGenes
  params:
    n_top_genes: 3000
- type: feature.cell
  params:
    out: feature.cell
    log_level: INFO
    split_name: train
  target: WeightedFeaturePCA
- type: misc
  target: SetConfig
  params:
    config_dict:
      feature_channel: feature.cell
      label_channel: cell_type
",0.27649998664856,all_total_runs:168|all_finished_runs:166|step2_total_runs:108|step2_finished_runs:107|step3_0_total_runs:20|step3_0_finished_runs:19|step3_1_total_runs:20|step3_1_finished_runs:20|step3_2_total_runs:20|step3_2_finished_runs:20|finished_rate:98.81%,False,"- type: filter.gene
  target: FilterGenesPlaceHolder
  params: {}
- type: normalize
  target: NormalizeTotalLog1P
  params: {}
- type: filter.gene
  target: HighlyVariableGenesLogarithmizedByTopGenes
  params:
    n_top_genes: 3000
- type: feature.cell
  params:
    out: feature.cell
    log_level: INFO
    split_name: train
  target: WeightedFeaturePCA
- type: misc
  target: SetConfig
  params:
    config_dict:
      feature_channel: feature.cell
      label_channel: cell_type
",0.27649998664856,"step2:https://wandb.ai/xzy11632/dance-dev/sweeps/5m46nft8|step3:https://wandb.ai/xzy11632/dance-dev/sweeps/ppt5mb4x,https://wandb.ai/xzy11632/dance-dev/sweeps/zaejsan0,https://wandb.ai/xzy11632/dance-dev/sweeps/99nf770h","- type: filter.gene
  target: FilterGenesPercentile
  params:
    min_val: 10
    max_val: 97
    mode: sum
- type: normalize
  target: NormalizeTotalLog1P
  params:
    base: 7.2091656741326355
    target_sum: null
    max_fraction: 0.01
- type: filter.gene
  target: FilterGenesTopK
  params:
    num_genes: 9415
    top: true
    mode: rv
- type: feature.cell
  target: FeatureCellPlaceHolder
  params:
    out: feature.cell
    log_level: INFO
- type: misc
  target: SetConfig
  params:
    config_dict:
      feature_channel: feature.cell
      label_channel: cell_type
",0.24600000679493,all_total_runs:133|all_finished_runs:105|step2_total_runs:90|step2_finished_runs:83|step3_0_total_runs:3|step3_0_finished_runs:0|step3_1_total_runs:20|step3_1_finished_runs:2|step3_2_total_runs:20|step3_2_finished_runs:20|finished_rate:78.95%,0.0,"- type: filter.gene
  target: FilterGenesScanpyOrder
  params:
    order:
    - min_counts
    - min_cells
    - max_counts
    - max_cells
    min_counts: 0.01
    max_counts: 0.99
    min_cells: 0.01
    max_cells: 0.99
- type: normalize
  target: NormalizeTotalLog1P
  params: {}
- type: filter.gene
  target: HighlyVariableGenesLogarithmizedByTopGenes
  params:
    n_top_genes: 3000
- type: feature.cell
  params:
    out: feature.cell
    log_level: INFO
  target: FeatureCellPlaceHolder
- type: misc
  target: SetConfig
  params:
    config_dict:
      feature_channel: feature.cell
      label_channel: cell_type
",0.242500007152557,"step2:https://wandb.ai/xzy11632/dance-dev/sweeps/sedxfa9j|step3:https://wandb.ai/xzy11632/dance-dev/sweeps/bfca5iad,https://wandb.ai/xzy11632/dance-dev/sweeps/te8nqzj2,https://wandb.ai/xzy11632/dance-dev/sweeps/hmxzpkjv","- type: filter.gene
  target: FilterGenesScanpyOrder
  params:
    order:
    - min_counts
    - min_cells
    - max_counts
    - max_cells
    min_counts: 259
    min_cells: 0.08927467665865292
    max_counts: 0.9639073825376944
    max_cells: 0.9671168709206794
- type: normalize
  target: Log1P
  params:
    base: 8.95198463836767
- type: filter.gene
  target: HighlyVariableGenesLogarithmizedByTopGenes
  params:
    n_top_genes: 9740
    n_bins: 22
    flavor: seurat
- type: feature.cell
  target: WeightedFeatureSVD
  params:
    out: feature.cell
    log_level: INFO
    n_components: 163
    feat_norm_mode: standardize
- type: graph.cell
  target: CellFeatureGraph
  params:
    cell_feature_channel: feature.cell
- type: misc
  target: SetConfig
  params:
    config_dict:
      label_channel: cell_type
",0.268999993801117,all_total_runs:90|all_finished_runs:89|step2_total_runs:30|step2_finished_runs:29|step3_0_total_runs:20|step3_0_finished_runs:20|step3_1_total_runs:20|step3_1_finished_runs:20|step3_2_total_runs:20|step3_2_finished_runs:20|finished_rate:98.89%,False,"- type: filter.gene
  target: FilterGenesPlaceHolder
  params: {}
- type: normalize
  target: NormalizeTotalLog1P
  params: {}
- type: filter.gene
  target: HighlyVariableGenesLogarithmizedByMeanAndDisp
  params: {}
- type: feature.cell
  params:
    out: feature.cell
    log_level: INFO
    split_name: train
  target: WeightedFeaturePCA
- type: graph.cell
  target: CellFeatureGraph
  params:
    cell_feature_channel: feature.cell
- type: misc
  target: SetConfig
  params:
    config_dict:
      label_channel: cell_type
",0.266000002622604,"step2:https://wandb.ai/xzy11632/dance-dev/sweeps/309vgwtz|step3:https://wandb.ai/xzy11632/dance-dev/sweeps/aa3qmno0,https://wandb.ai/xzy11632/dance-dev/sweeps/4gxjjff2,https://wandb.ai/xzy11632/dance-dev/sweeps/pek1fjmv","- type: filter.gene
  target: FilterGenesPlaceHolder
  params: {}
- type: normalize
  target: Log1P
  params: {}
- type: filter.gene
  target: HighlyVariableGenesLogarithmizedByTopGenes
  params:
    n_top_genes: 3000
- type: feature.cell
  target: SCNFeature
- type: misc
  target: SetConfig
  params:
    config_dict:
      feature_channel: SCNFeature
      label_channel: cell_type
",0.2735,all_total_runs:78|all_finished_runs:35|step2_total_runs:18|step2_finished_runs:15|step3_0_total_runs:20|step3_0_finished_runs:1|step3_1_total_runs:20|step3_1_finished_runs:0|step3_2_total_runs:20|step3_2_finished_runs:19|finished_rate:44.87%,True,"- type: filter.gene
  target: FilterGenesPlaceHolder
  params: {}
- type: normalize
  target: Log1P
  params: {}
- type: filter.gene
  target: HighlyVariableGenesLogarithmizedByTopGenes
  params:
    n_top_genes: 3000
- type: feature.cell
  target: SCNFeature
- type: misc
  target: SetConfig
  params:
    config_dict:
      feature_channel: SCNFeature
      label_channel: cell_type
",0.2735,human,Kidney,10000,train,train_human_Kidney9df60c57-fdf3-4e93-828e-fe9303f20438_data.h5ad,https://www.dropbox.com/scl/fi/0uc53tlnh0c38kjtmoa76/human_Kidney9df60c57-fdf3-4e93-828e-fe9303f20438_data.h5ad?rlkey=633zoidj6app2k616pue50d7u&dl=1,9df60c57-fdf3-4e93-828e-fe9303f20438
be39785b-67cb-4177-be19-a40ee3747e45_Kidney,7.0,10000.0,14072.0,9.0,22965740.0,20509.0,"['B cell', 'T cell', 'abnormal cell', 'endothelial cell', 'macrophage', 'mast cell', 'pericyte', 'plasma cell', 'vascular associated smooth muscle cell']",['clear cell renal carcinoma'],Kidney,10000.0,"['B cell', 'T cell', 'abnormal cell', 'endothelial cell', 'macrophage', 'mast cell', 'pericyte', 'plasma cell', 'vascular associated smooth muscle cell']",['clear cell renal carcinoma'],"[""10x 3' v2""]","[""10x 3' v2""]",be39785b-67cb-4177-be19-a40ee3747e45,0.0,"step2:https://wandb.ai/xzy11632/dance-dev/sweeps/dljf7un1|step3:https://wandb.ai/xzy11632/dance-dev/sweeps/nklqwp62,https://wandb.ai/xzy11632/dance-dev/sweeps/vwld0pkz,https://wandb.ai/xzy11632/dance-dev/sweeps/qkqvlu76","- type: filter.gene
  target: FilterGenesPlaceHolder
  params: {}
- type: normalize
  target: Log1P
  params: {}
- type: filter.gene
  target: FilterGenesTopK
  params:
    num_genes: 3000
- type: feature.cell
  params:
    out: feature.cell
    log_level: INFO
    split_name: train
  target: WeightedFeatureSVD
- type: misc
  target: SetConfig
  params:
    config_dict:
      feature_channel: feature.cell
      label_channel: cell_type
",0.444000005722046,all_total_runs:168|all_finished_runs:165|step2_total_runs:108|step2_finished_runs:105|step3_0_total_runs:20|step3_0_finished_runs:20|step3_1_total_runs:20|step3_1_finished_runs:20|step3_2_total_runs:20|step3_2_finished_runs:20|finished_rate:98.21%,False,"- type: filter.gene
  target: FilterGenesPlaceHolder
  params: {}
- type: normalize
  target: Log1P
  params: {}
- type: filter.gene
  target: FilterGenesTopK
  params:
    num_genes: 3000
- type: feature.cell
  params:
    out: feature.cell
    log_level: INFO
    split_name: train
  target: WeightedFeatureSVD
- type: misc
  target: SetConfig
  params:
    config_dict:
      feature_channel: feature.cell
      label_channel: cell_type
",0.444000005722046,"step2:https://wandb.ai/xzy11632/dance-dev/sweeps/lsjj7zvd|step3:https://wandb.ai/xzy11632/dance-dev/sweeps/i34ymse0,https://wandb.ai/xzy11632/dance-dev/sweeps/8l8xia83,https://wandb.ai/xzy11632/dance-dev/sweeps/rrxr5ae4","- type: filter.gene
  target: FilterGenesPlaceHolder
  params: {}
- type: normalize
  target: NormalizeTotal
  params: {}
- type: filter.gene
  target: FilterGenesTopK
  params:
    num_genes: 3000
- type: feature.cell
  params:
    out: feature.cell
    log_level: INFO
  target: GaussRandProjFeature
- type: misc
  target: SetConfig
  params:
    config_dict:
      feature_channel: feature.cell
      label_channel: cell_type
",0.382999986410141,all_total_runs:116|all_finished_runs:107|step2_total_runs:90|step2_finished_runs:87|step3_0_total_runs:20|step3_0_finished_runs:20|step3_1_total_runs:3|step3_1_finished_runs:0|step3_2_total_runs:3|step3_2_finished_runs:0|finished_rate:92.24%,0.0,"- type: filter.gene
  target: FilterGenesPlaceHolder
  params: {}
- type: normalize
  target: NormalizeTotal
  params: {}
- type: filter.gene
  target: FilterGenesTopK
  params:
    num_genes: 3000
- type: feature.cell
  params:
    out: feature.cell
    log_level: INFO
  target: GaussRandProjFeature
- type: misc
  target: SetConfig
  params:
    config_dict:
      feature_channel: feature.cell
      label_channel: cell_type
",0.382999986410141,step2:https://wandb.ai/xzy11632/dance-dev/sweeps/polz8n3c|step3:https://wandb.ai/xzy11632/dance-dev/sweeps/kcods975,"- type: filter.gene
  target: FilterGenesScanpyOrder
  params:
    order:
    - min_counts
    - min_cells
    - max_counts
    - max_cells
    min_counts: 0.01
    max_counts: 0.99
    min_cells: 0.01
    max_cells: 0.99
- type: normalize
  target: Log1P
  params: {}
- type: filter.gene
  target: FilterGenesTopK
  params:
    num_genes: 3000
- type: feature.cell
  params:
    out: feature.cell
    log_level: INFO
    split_name: train
  target: WeightedFeatureSVD
- type: graph.cell
  target: CellFeatureGraph
  params:
    cell_feature_channel: feature.cell
- type: misc
  target: SetConfig
  params:
    config_dict:
      label_channel: cell_type
",0.438499987125397,all_total_runs:50|all_finished_runs:47|step2_total_runs:30|step2_finished_runs:30|step3_0_total_runs:20|step3_0_finished_runs:17|finished_rate:94.00%,False,"- type: filter.gene
  target: FilterGenesScanpyOrder
  params:
    order:
    - min_counts
    - min_cells
    - max_counts
    - max_cells
    min_counts: 0.01
    max_counts: 0.99
    min_cells: 0.01
    max_cells: 0.99
- type: normalize
  target: Log1P
  params: {}
- type: filter.gene
  target: FilterGenesTopK
  params:
    num_genes: 3000
- type: feature.cell
  params:
    out: feature.cell
    log_level: INFO
    split_name: train
  target: WeightedFeatureSVD
- type: graph.cell
  target: CellFeatureGraph
  params:
    cell_feature_channel: feature.cell
- type: misc
  target: SetConfig
  params:
    config_dict:
      label_channel: cell_type
",0.438499987125397,"step2:https://wandb.ai/xzy11632/dance-dev/sweeps/qcbfku1n|step3:https://wandb.ai/xzy11632/dance-dev/sweeps/4zi88wdd,https://wandb.ai/xzy11632/dance-dev/sweeps/tvtyj9qp,https://wandb.ai/xzy11632/dance-dev/sweeps/f6qg0i30","- type: filter.gene
  target: FilterGenesPlaceHolder
- type: normalize
  target: NormalizeTotalLog1P
  params:
    base: 2.412291443112884
    target_sum: 100000
    max_fraction: 0.01
- type: filter.gene
  target: HighlyVariableGenesRawCount
  params:
    n_top_genes: 213
    span: 0.4758237536129036
- type: feature.cell
  target: SCNFeature
- type: misc
  target: SetConfig
  params:
    config_dict:
      feature_channel: SCNFeature
      label_channel: cell_type
",0.454,all_total_runs:78|all_finished_runs:36|step2_total_runs:18|step2_finished_runs:13|step3_0_total_runs:20|step3_0_finished_runs:3|step3_1_total_runs:20|step3_1_finished_runs:20|step3_2_total_runs:20|step3_2_finished_runs:0|finished_rate:46.15%,True,"- type: filter.gene
  target: FilterGenesPlaceHolder
  params: {}
- type: normalize
  target: NormalizeTotalLog1P
  params: {}
- type: filter.gene
  target: HighlyVariableGenesRawCount
  params:
    n_top_genes: 3000
- type: feature.cell
  target: SCNFeature
- type: misc
  target: SetConfig
  params:
    config_dict:
      feature_channel: SCNFeature
      label_channel: cell_type
",0.4515,human,Kidney,10000,train,train_human_Kidneybe39785b-67cb-4177-be19-a40ee3747e45_data.h5ad,https://www.dropbox.com/scl/fi/uo55loqew4nsh2yntiec6/human_Kidneybe39785b-67cb-4177-be19-a40ee3747e45_data.h5ad?rlkey=z2qc037d8g6nc3rbgkchnsv1v&dl=1,be39785b-67cb-4177-be19-a40ee3747e45
32b9bdce-2481-4c85-ba1b-6ad5fcea844c_Kidney,8.0,10000.0,17309.0,26.0,15796433.0,107344.0,"['B cell', 'T cell', 'conventional dendritic cell', 'cytotoxic T cell', 'endothelial cell', 'epithelial cell of proximal tubule', 'kidney collecting duct intercalated cell', 'kidney collecting duct principal cell', 'kidney connecting tubule epithelial cell', 'kidney distal convoluted tubule epithelial cell', 'kidney interstitial alternatively activated macrophage', 'kidney interstitial cell', 'kidney loop of Henle thick ascending limb epithelial cell', 'kidney loop of Henle thin ascending limb epithelial cell', 'kidney loop of Henle thin descending limb epithelial cell', 'mast cell', 'mature NK T cell', 'monocyte', 'mononuclear phagocyte', 'natural killer cell', 'non-classical monocyte', 'parietal epithelial cell', 'plasma cell', 'plasmacytoid dendritic cell, human', 'podocyte', 'regulatory T cell']","['acute kidney failure', 'chronic kidney disease', 'normal']",Kidney,10000.0,"['B cell', 'T cell', 'conventional dendritic cell', 'cytotoxic T cell', 'endothelial cell', 'epithelial cell of proximal tubule', 'kidney collecting duct intercalated cell', 'kidney collecting duct principal cell', 'kidney connecting tubule epithelial cell', 'kidney distal convoluted tubule epithelial cell', 'kidney interstitial alternatively activated macrophage', 'kidney interstitial cell', 'kidney loop of Henle thick ascending limb epithelial cell', 'kidney loop of Henle thin ascending limb epithelial cell', 'kidney loop of Henle thin descending limb epithelial cell', 'mast cell', 'mature NK T cell', 'monocyte', 'mononuclear phagocyte', 'natural killer cell', 'non-classical monocyte', 'parietal epithelial cell', 'plasma cell', 'plasmacytoid dendritic cell, human', 'podocyte', 'regulatory T cell']","['acute kidney failure', 'chronic kidney disease', 'normal']","[""10x 3' v3""]","[""10x 3' v3""]",32b9bdce-2481-4c85-ba1b-6ad5fcea844c,0.0,"step2:https://wandb.ai/xzy11632/dance-dev/sweeps/pr8qnyyc|step3:https://wandb.ai/xzy11632/dance-dev/sweeps/okv3dkfb,https://wandb.ai/xzy11632/dance-dev/sweeps/1wu7iidg,https://wandb.ai/xzy11632/dance-dev/sweeps/tb2u8b7t","- type: filter.gene
  target: FilterGenesPlaceHolder
  params: {}
- type: normalize
  target: Log1P
  params: {}
- type: filter.gene
  target: FilterGenesNumberPlaceHolder
  params: {}
- type: feature.cell
  params:
    out: feature.cell
    log_level: INFO
    split_name: train
  target: WeightedFeaturePCA
- type: misc
  target: SetConfig
  params:
    config_dict:
      feature_channel: feature.cell
      label_channel: cell_type
",0.237000003457069,all_total_runs:168|all_finished_runs:165|step2_total_runs:108|step2_finished_runs:108|step3_0_total_runs:20|step3_0_finished_runs:19|step3_1_total_runs:20|step3_1_finished_runs:19|step3_2_total_runs:20|step3_2_finished_runs:19|finished_rate:98.21%,False,"- type: filter.gene
  target: FilterGenesPlaceHolder
  params: {}
- type: normalize
  target: Log1P
  params: {}
- type: filter.gene
  target: FilterGenesNumberPlaceHolder
  params: {}
- type: feature.cell
  params:
    out: feature.cell
    log_level: INFO
    split_name: train
  target: WeightedFeaturePCA
- type: misc
  target: SetConfig
  params:
    config_dict:
      feature_channel: feature.cell
      label_channel: cell_type
",0.237000003457069,"step2:https://wandb.ai/xzy11632/dance-dev/sweeps/hea1vae1|step3:https://wandb.ai/xzy11632/dance-dev/sweeps/g1hewvs4,https://wandb.ai/xzy11632/dance-dev/sweeps/1bl87am1,https://wandb.ai/xzy11632/dance-dev/sweeps/u9fc0syb","- type: filter.gene
  target: FilterGenesPercentile
  params: {}
- type: normalize
  target: ScTransform
  params:
    processes_num: 8
- type: filter.gene
  target: HighlyVariableGenesLogarithmizedByTopGenes
  params:
    n_top_genes: 3000
- type: feature.cell
  params:
    out: feature.cell
    log_level: INFO
  target: FeatureCellPlaceHolder
- type: misc
  target: SetConfig
  params:
    config_dict:
      feature_channel: feature.cell
      label_channel: cell_type
",0.20550000667572,all_total_runs:133|all_finished_runs:100|step2_total_runs:90|step2_finished_runs:83|step3_0_total_runs:3|step3_0_finished_runs:0|step3_1_total_runs:20|step3_1_finished_runs:0|step3_2_total_runs:20|step3_2_finished_runs:17|finished_rate:75.19%,0.0,"- type: filter.gene
  target: FilterGenesPercentile
  params: {}
- type: normalize
  target: ScTransform
  params:
    processes_num: 8
- type: filter.gene
  target: HighlyVariableGenesLogarithmizedByTopGenes
  params:
    n_top_genes: 3000
- type: feature.cell
  params:
    out: feature.cell
    log_level: INFO
  target: FeatureCellPlaceHolder
- type: misc
  target: SetConfig
  params:
    config_dict:
      feature_channel: feature.cell
      label_channel: cell_type
",0.20550000667572,"step2:https://wandb.ai/xzy11632/dance-dev/sweeps/v62fnoun|step3:https://wandb.ai/xzy11632/dance-dev/sweeps/tc331nw2,https://wandb.ai/xzy11632/dance-dev/sweeps/idormw5w,https://wandb.ai/xzy11632/dance-dev/sweeps/j3ny2754","- type: filter.gene
  target: FilterGenesPercentile
  params: {}
- type: normalize
  target: NormalizeTotalLog1P
  params: {}
- type: filter.gene
  target: FilterGenesTopK
  params:
    num_genes: 3000
- type: feature.cell
  params:
    out: feature.cell
    log_level: INFO
    split_name: train
  target: WeightedFeaturePCA
- type: graph.cell
  target: CellFeatureGraph
  params:
    cell_feature_channel: feature.cell
- type: misc
  target: SetConfig
  params:
    config_dict:
      label_channel: cell_type
",0.236000001430511,all_total_runs:90|all_finished_runs:88|step2_total_runs:30|step2_finished_runs:30|step3_0_total_runs:20|step3_0_finished_runs:20|step3_1_total_runs:20|step3_1_finished_runs:20|step3_2_total_runs:20|step3_2_finished_runs:18|finished_rate:97.78%,False,"- type: filter.gene
  target: FilterGenesPercentile
  params: {}
- type: normalize
  target: NormalizeTotalLog1P
  params: {}
- type: filter.gene
  target: FilterGenesTopK
  params:
    num_genes: 3000
- type: feature.cell
  params:
    out: feature.cell
    log_level: INFO
    split_name: train
  target: WeightedFeaturePCA
- type: graph.cell
  target: CellFeatureGraph
  params:
    cell_feature_channel: feature.cell
- type: misc
  target: SetConfig
  params:
    config_dict:
      label_channel: cell_type
",0.236000001430511,"step2:https://wandb.ai/xzy11632/dance-dev/sweeps/9ukg0skl|step3:https://wandb.ai/xzy11632/dance-dev/sweeps/0ozgo2uk,https://wandb.ai/xzy11632/dance-dev/sweeps/0q0olz5f,https://wandb.ai/xzy11632/dance-dev/sweeps/80tb9xsj","- type: filter.gene
  target: FilterGenesScanpyOrder
  params:
    order:
    - min_counts
    - min_cells
    - max_counts
    - max_cells
    min_counts: 0.01
    max_counts: 0.99
    min_cells: 0.01
    max_cells: 0.99
- type: normalize
  target: NormalizeTotalLog1P
  params: {}
- type: filter.gene
  target: HighlyVariableGenesRawCount
  params:
    n_top_genes: 3000
- type: feature.cell
  target: SCNFeature
- type: misc
  target: SetConfig
  params:
    config_dict:
      feature_channel: SCNFeature
      label_channel: cell_type
",0.2495,all_total_runs:78|all_finished_runs:46|step2_total_runs:18|step2_finished_runs:9|step3_0_total_runs:20|step3_0_finished_runs:20|step3_1_total_runs:20|step3_1_finished_runs:15|step3_2_total_runs:20|step3_2_finished_runs:2|finished_rate:58.97%,True,"- type: filter.gene
  target: FilterGenesScanpyOrder
  params:
    order:
    - min_counts
    - min_cells
    - max_counts
    - max_cells
    min_counts: 0.01
    max_counts: 0.99
    min_cells: 0.01
    max_cells: 0.99
- type: normalize
  target: NormalizeTotalLog1P
  params: {}
- type: filter.gene
  target: HighlyVariableGenesRawCount
  params:
    n_top_genes: 3000
- type: feature.cell
  target: SCNFeature
- type: misc
  target: SetConfig
  params:
    config_dict:
      feature_channel: SCNFeature
      label_channel: cell_type
",0.2495,human,Kidney,10000,train,train_human_Kidney32b9bdce-2481-4c85-ba1b-6ad5fcea844c_data.h5ad,https://www.dropbox.com/scl/fi/ugqjbf78tlc5g55dygysz/human_Kidney32b9bdce-2481-4c85-ba1b-6ad5fcea844c_data.h5ad?rlkey=h0d4nxyftqt9ktsh7s1tn623e&dl=1,32b9bdce-2481-4c85-ba1b-6ad5fcea844c
0b4a15a7-4e9e-4555-9733-2423e5c66469_Kidney,9.0,10000.0,15165.0,28.0,14416360.0,48783.0,"['B cell', 'T cell', 'alternatively activated macrophage', 'conventional dendritic cell', 'cytotoxic T cell', 'endothelial cell', 'epithelial cell', 'epithelial cell of proximal tubule', 'kidney collecting duct intercalated cell', 'kidney collecting duct principal cell', 'kidney connecting tubule epithelial cell', 'kidney distal convoluted tubule epithelial cell', 'kidney interstitial fibroblast', 'kidney loop of Henle thick ascending limb epithelial cell', 'kidney loop of Henle thin ascending limb epithelial cell', 'kidney loop of Henle thin descending limb epithelial cell', 'leukocyte', 'mast cell', 'mature NK T cell', 'monocyte', 'myofibroblast cell', 'natural killer cell', 'non-classical monocyte', 'parietal epithelial cell', 'plasma cell', 'plasmacytoid dendritic cell', 'podocyte', 'renal interstitial pericyte']",['normal'],Kidney,10000.0,"['B cell', 'T cell', 'alternatively activated macrophage', 'conventional dendritic cell', 'cytotoxic T cell', 'endothelial cell', 'epithelial cell', 'epithelial cell of proximal tubule', 'kidney collecting duct intercalated cell', 'kidney collecting duct principal cell', 'kidney connecting tubule epithelial cell', 'kidney distal convoluted tubule epithelial cell', 'kidney interstitial fibroblast', 'kidney loop of Henle thick ascending limb epithelial cell', 'kidney loop of Henle thin ascending limb epithelial cell', 'kidney loop of Henle thin descending limb epithelial cell', 'leukocyte', 'mast cell', 'mature NK T cell', 'monocyte', 'myofibroblast cell', 'natural killer cell', 'non-classical monocyte', 'parietal epithelial cell', 'plasma cell', 'plasmacytoid dendritic cell', 'podocyte', 'renal interstitial pericyte']",['normal'],"[""10x 3' v3""]","[""10x 3' v3""]",0b4a15a7-4e9e-4555-9733-2423e5c66469,0.0,"step2:https://wandb.ai/xzy11632/dance-dev/sweeps/ox3x26oh|step3:https://wandb.ai/xzy11632/dance-dev/sweeps/sof6fkgo,https://wandb.ai/xzy11632/dance-dev/sweeps/o7wpwusy,https://wandb.ai/xzy11632/dance-dev/sweeps/0u7rob38","- type: filter.gene
  target: FilterGenesPlaceHolder
  params: {}
- type: normalize
  target: Log1P
  params: {}
- type: filter.gene
  target: FilterGenesTopK
  params:
    num_genes: 3000
- type: feature.cell
  params:
    out: feature.cell
    log_level: INFO
    split_name: train
  target: WeightedFeatureSVD
- type: misc
  target: SetConfig
  params:
    config_dict:
      feature_channel: feature.cell
      label_channel: cell_type
",0.248500004410744,all_total_runs:168|all_finished_runs:160|step2_total_runs:108|step2_finished_runs:105|step3_0_total_runs:20|step3_0_finished_runs:18|step3_1_total_runs:20|step3_1_finished_runs:18|step3_2_total_runs:20|step3_2_finished_runs:19|finished_rate:95.24%,False,"- type: filter.gene
  target: FilterGenesPlaceHolder
  params: {}
- type: normalize
  target: Log1P
  params: {}
- type: filter.gene
  target: FilterGenesTopK
  params:
    num_genes: 3000
- type: feature.cell
  params:
    out: feature.cell
    log_level: INFO
    split_name: train
  target: WeightedFeatureSVD
- type: misc
  target: SetConfig
  params:
    config_dict:
      feature_channel: feature.cell
      label_channel: cell_type
",0.248500004410744,"step2:https://wandb.ai/xzy11632/dance-dev/sweeps/rbhwajej|step3:https://wandb.ai/xzy11632/dance-dev/sweeps/ad3is135,https://wandb.ai/xzy11632/dance-dev/sweeps/4v72mr44,https://wandb.ai/xzy11632/dance-dev/sweeps/5vem8aql","- type: filter.gene
  target: FilterGenesPlaceHolder
- type: normalize
  target: NormalizeTotal
  params:
    target_sum: null
    max_fraction: 0.01
- type: filter.gene
  target: HighlyVariableGenesRawCount
  params:
    n_top_genes: 8217
    span: 0.3661001418413954
- type: feature.cell
  target: FeatureCellPlaceHolder
  params:
    out: feature.cell
    log_level: INFO
- type: misc
  target: SetConfig
  params:
    config_dict:
      feature_channel: feature.cell
      label_channel: cell_type
",0.207499995827675,all_total_runs:133|all_finished_runs:122|step2_total_runs:90|step2_finished_runs:83|step3_0_total_runs:20|step3_0_finished_runs:19|step3_1_total_runs:20|step3_1_finished_runs:20|step3_2_total_runs:3|step3_2_finished_runs:0|finished_rate:91.73%,0.0,"- type: filter.gene
  target: FilterGenesScanpyOrder
  params:
    order:
    - min_counts
    - min_cells
    - max_counts
    - max_cells
    min_counts: 0.01
    max_counts: 0.99
    min_cells: 0.01
    max_cells: 0.99
- type: normalize
  target: NormalizeTotal
  params: {}
- type: filter.gene
  target: FilterGenesRegression
  params:
    num_genes: 3000
- type: feature.cell
  params:
    out: feature.cell
    log_level: INFO
  target: FeatureCellPlaceHolder
- type: misc
  target: SetConfig
  params:
    config_dict:
      feature_channel: feature.cell
      label_channel: cell_type
",0.199499994516373,"step2:https://wandb.ai/xzy11632/dance-dev/sweeps/zba282l0|step3:https://wandb.ai/xzy11632/dance-dev/sweeps/1segtbgy,https://wandb.ai/xzy11632/dance-dev/sweeps/xqkppg7o,https://wandb.ai/xzy11632/dance-dev/sweeps/s5xxv5it","- type: filter.gene
  target: FilterGenesScanpyOrder
  params:
    order:
    - max_cells
    - min_counts
    - max_counts
    - min_cells
    min_counts: 41
    min_cells: 0.07357220890134576
    max_counts: 0.9479673972159272
    max_cells: 0.9519240767008712
- type: normalize
  target: ScaleFeature
  params:
    mode: minmax
    eps: 0.1
- type: filter.gene
  target: HighlyVariableGenesRawCount
  params:
    n_top_genes: 8067
    span: 0.5010092657330123
- type: feature.cell
  target: WeightedFeatureSVD
  params:
    out: feature.cell
    log_level: INFO
    n_components: 159
    feat_norm_mode: minmax
- type: graph.cell
  target: CellFeatureGraph
  params:
    cell_feature_channel: feature.cell
- type: misc
  target: SetConfig
  params:
    config_dict:
      label_channel: cell_type
",0.231499999761581,all_total_runs:90|all_finished_runs:82|step2_total_runs:30|step2_finished_runs:28|step3_0_total_runs:20|step3_0_finished_runs:19|step3_1_total_runs:20|step3_1_finished_runs:19|step3_2_total_runs:20|step3_2_finished_runs:16|finished_rate:91.11%,False,"- type: filter.gene
  target: FilterGenesPlaceHolder
  params: {}
- type: normalize
  target: ScaleFeature
  params: {}
- type: filter.gene
  target: FilterGenesTopK
  params:
    num_genes: 3000
- type: feature.cell
  params:
    out: feature.cell
    log_level: INFO
    split_name: train
  target: WeightedFeatureSVD
- type: graph.cell
  target: CellFeatureGraph
  params:
    cell_feature_channel: feature.cell
- type: misc
  target: SetConfig
  params:
    config_dict:
      label_channel: cell_type
",0.229499995708466,"step2:https://wandb.ai/xzy11632/dance-dev/sweeps/4bupj6ys|step3:https://wandb.ai/xzy11632/dance-dev/sweeps/8kcc4uav,https://wandb.ai/xzy11632/dance-dev/sweeps/13dsg30j,https://wandb.ai/xzy11632/dance-dev/sweeps/26cc69rh","- type: filter.gene
  target: FilterGenesPlaceHolder
  params: {}
- type: normalize
  target: NormalizeTotalLog1P
  params: {}
- type: filter.gene
  target: HighlyVariableGenesRawCount
  params:
    n_top_genes: 3000
- type: feature.cell
  target: SCNFeature
- type: misc
  target: SetConfig
  params:
    config_dict:
      feature_channel: SCNFeature
      label_channel: cell_type
",0.236,all_total_runs:78|all_finished_runs:39|step2_total_runs:18|step2_finished_runs:15|step3_0_total_runs:20|step3_0_finished_runs:10|step3_1_total_runs:20|step3_1_finished_runs:1|step3_2_total_runs:20|step3_2_finished_runs:13|finished_rate:50.00%,True,"- type: filter.gene
  target: FilterGenesPlaceHolder
  params: {}
- type: normalize
  target: NormalizeTotalLog1P
  params: {}
- type: filter.gene
  target: HighlyVariableGenesRawCount
  params:
    n_top_genes: 3000
- type: feature.cell
  target: SCNFeature
- type: misc
  target: SetConfig
  params:
    config_dict:
      feature_channel: SCNFeature
      label_channel: cell_type
",0.236,human,Kidney,10000,train,train_human_Kidney0b4a15a7-4e9e-4555-9733-2423e5c66469_data.h5ad,https://www.dropbox.com/scl/fi/aql02yzq6rosod8071qlu/human_Kidney0b4a15a7-4e9e-4555-9733-2423e5c66469_data.h5ad?rlkey=0oaq4962yw2642wa7mlxpkzab&dl=1,0b4a15a7-4e9e-4555-9733-2423e5c66469
53d208b0-2cfd-4366-9866-c3c6114081bc_Kidney,13.0,9641.0,16356.0,7.0,25988702.0,9641.0,"['B cell', 'CD4-positive helper T cell', 'CD8-positive, alpha-beta T cell', 'endothelial cell', 'kidney epithelial cell', 'macrophage', 'mature NK T cell']",['normal'],Kidney,,,,"[""10x 3' v3"", 'Smart-seq2']",,53d208b0-2cfd-4366-9866-c3c6114081bc,0.0,"step2:https://wandb.ai/xzy11632/dance-dev/sweeps/qedd7qlk|step3:https://wandb.ai/xzy11632/dance-dev/sweeps/dluhrwa3,https://wandb.ai/xzy11632/dance-dev/sweeps/zczy8vwx,https://wandb.ai/xzy11632/dance-dev/sweeps/ojerfif9","- type: filter.gene
  target: FilterGenesScanpyOrder
  params:
    order:
    - min_counts
    - min_cells
    - max_counts
    - max_cells
    min_counts: 0.01
    max_counts: 0.99
    min_cells: 0.01
    max_cells: 0.99
- type: normalize
  target: ScaleFeature
  params: {}
- type: filter.gene
  target: HighlyVariableGenesRawCount
  params:
    n_top_genes: 3000
- type: feature.cell
  params:
    out: feature.cell
    log_level: INFO
    split_name: train
  target: WeightedFeatureSVD
- type: misc
  target: SetConfig
  params:
    config_dict:
      feature_channel: feature.cell
      label_channel: cell_type
",0.875064790248871,all_total_runs:151|all_finished_runs:148|step2_total_runs:108|step2_finished_runs:108|step3_0_total_runs:20|step3_0_finished_runs:20|step3_1_total_runs:20|step3_1_finished_runs:20|step3_2_total_runs:3|step3_2_finished_runs:0|finished_rate:98.01%,False,"- type: filter.gene
  target: FilterGenesScanpyOrder
  params:
    order:
    - min_counts
    - min_cells
    - max_counts
    - max_cells
    min_counts: 0.01
    max_counts: 0.99
    min_cells: 0.01
    max_cells: 0.99
- type: normalize
  target: ScaleFeature
  params: {}
- type: filter.gene
  target: HighlyVariableGenesRawCount
  params:
    n_top_genes: 3000
- type: feature.cell
  params:
    out: feature.cell
    log_level: INFO
    split_name: train
  target: WeightedFeatureSVD
- type: misc
  target: SetConfig
  params:
    config_dict:
      feature_channel: feature.cell
      label_channel: cell_type
",0.875064790248871,"step2:https://wandb.ai/xzy11632/dance-dev/sweeps/gifzlj2v|step3:https://wandb.ai/xzy11632/dance-dev/sweeps/uu4ysasw,https://wandb.ai/xzy11632/dance-dev/sweeps/hcccwdpc,https://wandb.ai/xzy11632/dance-dev/sweeps/d24q0xfv","- type: filter.gene
  target: FilterGenesScanpyOrder
  params:
    order:
    - min_cells
    - max_counts
    - max_cells
    - min_counts
    min_counts: 338
    min_cells: 0.0024724402041149344
    max_counts: 0.9873989744151496
    max_cells: 0.9626643953685704
- type: normalize
  target: Log1P
  params:
    base: 8.731657438179667
- type: filter.gene
  target: HighlyVariableGenesLogarithmizedByMeanAndDisp
  params:
    min_disp: 0.07903950919402389
    max_disp: 49.5921998564162
    min_mean: 0.004799870945699528
    max_mean: 5.7876549874089065
    n_bins: 25
    flavor: cell_ranger
- type: feature.cell
  target: FeatureCellPlaceHolder
  params:
    out: feature.cell
    log_level: INFO
- type: misc
  target: SetConfig
  params:
    config_dict:
      feature_channel: feature.cell
      label_channel: cell_type
",0.875064790248871,all_total_runs:150|all_finished_runs:130|step2_total_runs:90|step2_finished_runs:81|step3_0_total_runs:20|step3_0_finished_runs:13|step3_1_total_runs:20|step3_1_finished_runs:17|step3_2_total_runs:20|step3_2_finished_runs:19|finished_rate:86.67%,0.0,"- type: filter.gene
  target: FilterGenesScanpyOrder
  params:
    order:
    - min_counts
    - min_cells
    - max_counts
    - max_cells
    min_counts: 0.01
    max_counts: 0.99
    min_cells: 0.01
    max_cells: 0.99
- type: normalize
  target: Log1P
  params: {}
- type: filter.gene
  target: FilterGenesTopK
  params:
    num_genes: 3000
- type: feature.cell
  params:
    out: feature.cell
    log_level: INFO
  target: FeatureCellPlaceHolder
- type: misc
  target: SetConfig
  params:
    config_dict:
      feature_channel: feature.cell
      label_channel: cell_type
",0.870917558670044,step2:https://wandb.ai/xzy11632/dance-dev/sweeps/lzdjqjtq|step3:https://wandb.ai/xzy11632/dance-dev/sweeps/zrcmk0nq,"- type: filter.gene
  target: FilterGenesScanpyOrder
  params:
    order:
    - min_counts
    - min_cells
    - max_counts
    - max_cells
    min_counts: 0.01
    max_counts: 0.99
    min_cells: 0.01
    max_cells: 0.99
- type: normalize
  target: ScaleFeature
  params: {}
- type: filter.gene
  target: HighlyVariableGenesLogarithmizedByTopGenes
  params:
    n_top_genes: 3000
- type: feature.cell
  params:
    out: feature.cell
    log_level: INFO
    split_name: train
  target: WeightedFeatureSVD
- type: graph.cell
  target: CellFeatureGraph
  params:
    cell_feature_channel: feature.cell
- type: misc
  target: SetConfig
  params:
    config_dict:
      label_channel: cell_type
",0.875583231449127,all_total_runs:33|all_finished_runs:30|step2_total_runs:30|step2_finished_runs:30|step3_0_total_runs:3|step3_0_finished_runs:0|finished_rate:90.91%,False,"- type: filter.gene
  target: FilterGenesScanpyOrder
  params:
    order:
    - min_counts
    - min_cells
    - max_counts
    - max_cells
    min_counts: 0.01
    max_counts: 0.99
    min_cells: 0.01
    max_cells: 0.99
- type: normalize
  target: ScaleFeature
  params: {}
- type: filter.gene
  target: HighlyVariableGenesLogarithmizedByTopGenes
  params:
    n_top_genes: 3000
- type: feature.cell
  params:
    out: feature.cell
    log_level: INFO
    split_name: train
  target: WeightedFeatureSVD
- type: graph.cell
  target: CellFeatureGraph
  params:
    cell_feature_channel: feature.cell
- type: misc
  target: SetConfig
  params:
    config_dict:
      label_channel: cell_type
",0.875583231449127,"step2:https://wandb.ai/xzy11632/dance-dev/sweeps/wq1oa28y|step3:https://wandb.ai/xzy11632/dance-dev/sweeps/02ckcoa0,https://wandb.ai/xzy11632/dance-dev/sweeps/p3yt38lh,https://wandb.ai/xzy11632/dance-dev/sweeps/22y7e63t","- type: filter.gene
  target: FilterGenesScanpyOrder
  params:
    order:
    - min_counts
    - min_cells
    - max_counts
    - max_cells
    min_counts: 0.01
    max_counts: 0.99
    min_cells: 0.01
    max_cells: 0.99
- type: normalize
  target: ScTransform
  params:
    processes_num: 8
- type: filter.gene
  target: HighlyVariableGenesLogarithmizedByTopGenes
  params:
    n_top_genes: 3000
- type: feature.cell
  target: SCNFeature
- type: misc
  target: SetConfig
  params:
    config_dict:
      feature_channel: SCNFeature
      label_channel: cell_type
",0.86573354069466,all_total_runs:78|all_finished_runs:69|step2_total_runs:18|step2_finished_runs:14|step3_0_total_runs:20|step3_0_finished_runs:19|step3_1_total_runs:20|step3_1_finished_runs:19|step3_2_total_runs:20|step3_2_finished_runs:17|finished_rate:88.46%,False,"- type: filter.gene
  target: FilterGenesScanpyOrder
  params:
    order:
    - min_counts
    - min_cells
    - max_counts
    - max_cells
    min_counts: 0.01
    max_counts: 0.99
    min_cells: 0.01
    max_cells: 0.99
- type: normalize
  target: ScTransform
  params:
    processes_num: 8
- type: filter.gene
  target: HighlyVariableGenesLogarithmizedByTopGenes
  params:
    n_top_genes: 3000
- type: feature.cell
  target: SCNFeature
- type: misc
  target: SetConfig
  params:
    config_dict:
      feature_channel: SCNFeature
      label_channel: cell_type
",0.86573354069466,human,Kidney,9641,train,train_human_Kidney53d208b0-2cfd-4366-9866-c3c6114081bc_data.h5ad,https://www.dropbox.com/scl/fi/bqnrkyjzmbppgnej9l1qq/human_Kidney53d208b0-2cfd-4366-9866-c3c6114081bc_data.h5ad?rlkey=co1531kyzzbghf4bvcqgg5rjn&dl=1,53d208b0-2cfd-4366-9866-c3c6114081bc
6a30bf44-c490-41ac-965b-0bb58432b10a_Kidney,14.0,86.0,365.0,11.0,27336.0,86.0,"['common myeloid progenitor', 'double negative thymocyte', 'early lymphoid progenitor', 'fraction A pre-pro B cell', 'granulocyte monocyte progenitor cell', 'hematopoietic multipotent progenitor cell', 'megakaryocyte', 'megakaryocyte-erythroid progenitor cell', 'promonocyte', 'promyelocyte', 'unknown']",['normal'],Kidney,,,,"[""10x 3' v2"", ""10x 5' v1""]",,6a30bf44-c490-41ac-965b-0bb58432b10a,0.0,"step2:https://wandb.ai/xzy11632/dance-dev/sweeps/jq28noc6|step3:https://wandb.ai/xzy11632/dance-dev/sweeps/e3v92hri,https://wandb.ai/xzy11632/dance-dev/sweeps/7v21gfcg,https://wandb.ai/xzy11632/dance-dev/sweeps/72067gsi","- type: filter.gene
  target: FilterGenesPlaceHolder
  params: {}
- type: normalize
  target: ScTransform
  params:
    processes_num: 8
- type: filter.gene
  target: HighlyVariableGenesRawCount
  params:
    n_top_genes: 3000
- type: feature.cell
  params:
    out: feature.cell
    log_level: INFO
  target: CellSVD
- type: misc
  target: SetConfig
  params:
    config_dict:
      feature_channel: feature.cell
      label_channel: cell_type
",0.5,all_total_runs:151|all_finished_runs:136|step2_total_runs:108|step2_finished_runs:105|step3_0_total_runs:20|step3_0_finished_runs:16|step3_1_total_runs:20|step3_1_finished_runs:15|step3_2_total_runs:3|step3_2_finished_runs:0|finished_rate:90.07%,False,"- type: filter.gene
  target: FilterGenesPlaceHolder
  params: {}
- type: normalize
  target: ScTransform
  params:
    processes_num: 8
- type: filter.gene
  target: HighlyVariableGenesRawCount
  params:
    n_top_genes: 3000
- type: feature.cell
  params:
    out: feature.cell
    log_level: INFO
  target: CellSVD
- type: misc
  target: SetConfig
  params:
    config_dict:
      feature_channel: feature.cell
      label_channel: cell_type
",0.5,"step2:https://wandb.ai/xzy11632/dance-dev/sweeps/cct8eswb|step3:https://wandb.ai/xzy11632/dance-dev/sweeps/toa21sd3,https://wandb.ai/xzy11632/dance-dev/sweeps/yscshcv0,https://wandb.ai/xzy11632/dance-dev/sweeps/ttggngbd","- type: filter.gene
  target: FilterGenesPlaceHolder
- type: normalize
  target: NormalizeTotalLog1P
  params:
    base: 8.292332653366152
    target_sum: 1000
    max_fraction: 0.01
- type: filter.gene
  target: HighlyVariableGenesLogarithmizedByMeanAndDisp
  params:
    min_disp: 0.406124548748991
    max_disp: 76.86976762659067
    min_mean: 0.0011788284340097128
    max_mean: 7.852276124348506
    n_bins: 22
    flavor: cell_ranger
- type: feature.cell
  target: FeatureCellPlaceHolder
  params:
    out: feature.cell
    log_level: INFO
- type: misc
  target: SetConfig
  params:
    config_dict:
      feature_channel: feature.cell
      label_channel: cell_type
",0.333333343267441,all_total_runs:133|all_finished_runs:123|step2_total_runs:90|step2_finished_runs:85|step3_0_total_runs:3|step3_0_finished_runs:0|step3_1_total_runs:20|step3_1_finished_runs:18|step3_2_total_runs:20|step3_2_finished_runs:20|finished_rate:92.48%,0.0,"- type: filter.gene
  target: FilterGenesPlaceHolder
  params: {}
- type: normalize
  target: NormalizeTotalLog1P
  params: {}
- type: filter.gene
  target: HighlyVariableGenesRawCount
  params:
    n_top_genes: 3000
- type: feature.cell
  params:
    out: feature.cell
    log_level: INFO
    split_name: train
  target: WeightedFeatureSVD
- type: misc
  target: SetConfig
  params:
    config_dict:
      feature_channel: feature.cell
      label_channel: cell_type
",0.277777791023254,"step2:https://wandb.ai/xzy11632/dance-dev/sweeps/6mqfrig0|step3:https://wandb.ai/xzy11632/dance-dev/sweeps/4go048yx,https://wandb.ai/xzy11632/dance-dev/sweeps/tr8ichdr,https://wandb.ai/xzy11632/dance-dev/sweeps/zygzx1sq","- type: filter.gene
  target: FilterGenesScanpyOrder
  params:
    order:
    - max_cells
    - min_cells
    - max_counts
    - min_counts
    min_counts: 83
    min_cells: 0.08044411037919223
    max_counts: 0.9447113998885586
    max_cells: 0.9970082182680808
- type: normalize
  target: Log1P
  params:
    base: 9.52204773837129
- type: filter.gene
  target: FilterGenesRegression
  params:
    method: seurat3
    num_genes: 3250
- type: feature.cell
  target: WeightedFeaturePCA
  params:
    out: feature.cell
    log_level: INFO
    n_components: 119
    feat_norm_mode: standardize
- type: graph.cell
  target: CellFeatureGraph
  params:
    cell_feature_channel: feature.cell
- type: misc
  target: SetConfig
  params:
    config_dict:
      label_channel: cell_type
",0.277777791023254,all_total_runs:90|all_finished_runs:90|step2_total_runs:30|step2_finished_runs:30|step3_0_total_runs:20|step3_0_finished_runs:20|step3_1_total_runs:20|step3_1_finished_runs:20|step3_2_total_runs:20|step3_2_finished_runs:20|finished_rate:100.00%,False,"- type: filter.gene
  target: FilterGenesScanpyOrder
  params:
    order:
    - min_counts
    - min_cells
    - max_counts
    - max_cells
    min_counts: 0.01
    max_counts: 0.99
    min_cells: 0.01
    max_cells: 0.99
- type: normalize
  target: NormalizeTotal
  params: {}
- type: filter.gene
  target: HighlyVariableGenesRawCount
  params:
    n_top_genes: 3000
- type: feature.cell
  params:
    out: feature.cell
    log_level: INFO
    split_name: train
  target: WeightedFeaturePCA
- type: graph.cell
  target: CellFeatureGraph
  params:
    cell_feature_channel: feature.cell
- type: misc
  target: SetConfig
  params:
    config_dict:
      label_channel: cell_type
",0.222222223877907,"step2:https://wandb.ai/xzy11632/dance-dev/sweeps/6n9krw83|step3:https://wandb.ai/xzy11632/dance-dev/sweeps/mwc4z4bh,https://wandb.ai/xzy11632/dance-dev/sweeps/uhf169g9,https://wandb.ai/xzy11632/dance-dev/sweeps/stj4ii3i","- type: filter.gene
  target: FilterGenesPercentile
  params: {}
- type: normalize
  target: NormalizeTotalLog1P
  params: {}
- type: filter.gene
  target: HighlyVariableGenesLogarithmizedByTopGenes
  params:
    n_top_genes: 3000
- type: feature.cell
  target: SCNFeature
- type: misc
  target: SetConfig
  params:
    config_dict:
      feature_channel: SCNFeature
      label_channel: cell_type
",0.277777777777778,all_total_runs:78|all_finished_runs:64|step2_total_runs:18|step2_finished_runs:13|step3_0_total_runs:20|step3_0_finished_runs:17|step3_1_total_runs:20|step3_1_finished_runs:15|step3_2_total_runs:20|step3_2_finished_runs:19|finished_rate:82.05%,False,"- type: filter.gene
  target: FilterGenesPercentile
  params: {}
- type: normalize
  target: NormalizeTotalLog1P
  params: {}
- type: filter.gene
  target: HighlyVariableGenesLogarithmizedByTopGenes
  params:
    n_top_genes: 3000
- type: feature.cell
  target: SCNFeature
- type: misc
  target: SetConfig
  params:
    config_dict:
      feature_channel: SCNFeature
      label_channel: cell_type
",0.277777777777778,human,Kidney,86,train,train_human_Kidney6a30bf44-c490-41ac-965b-0bb58432b10a_data.h5ad,https://www.dropbox.com/scl/fi/8vs3bwrk84shbekth3the/human_Kidney6a30bf44-c490-41ac-965b-0bb58432b10a_data.h5ad?rlkey=kbcz4p48v0rhu18hb8r2y47hq&dl=1,6a30bf44-c490-41ac-965b-0bb58432b10a
f801b7a9-80a6-4d09-9161-71474deb58ae_Kidney,15.0,6044.0,10559.0,21.0,10650032.0,6044.0,"['B cell', 'T cell', 'columnar/cuboidal epithelial cell', 'epithelial cell of proximal tubule', 'glomerular capillary endothelial cell', 'kidney collecting duct cell', 'kidney distal convoluted tubule epithelial cell', 'kidney loop of Henle thick ascending limb epithelial cell', 'macrophage', 'mesangial cell', 'monocyte', 'natural killer cell', 'pericyte', 'podocyte', 'renal alpha-intercalated cell', 'renal beta-intercalated cell', 'renal principal cell', 'unknown', 'vasa recta ascending limb cell', 'vasa recta descending limb cell', 'vascular associated smooth muscle cell']",['normal'],Kidney,,,,"[""10x 3' v2""]",,f801b7a9-80a6-4d09-9161-71474deb58ae,0.0,"step2:https://wandb.ai/xzy11632/dance-dev/sweeps/x2flgmps|step3:https://wandb.ai/xzy11632/dance-dev/sweeps/joo7wrsn,https://wandb.ai/xzy11632/dance-dev/sweeps/cjpjwxes,https://wandb.ai/xzy11632/dance-dev/sweeps/b1y5ahq2","- type: filter.gene
  target: FilterGenesScanpyOrder
  params:
    order:
    - min_counts
    - min_cells
    - max_counts
    - max_cells
    min_counts: 0.01
    max_counts: 0.99
    min_cells: 0.01
    max_cells: 0.99
- type: normalize
  target: ScTransform
  params:
    processes_num: 8
- type: filter.gene
  target: HighlyVariableGenesRawCount
  params:
    n_top_genes: 3000
- type: feature.cell
  params:
    out: feature.cell
    log_level: INFO
    split_name: train
  target: WeightedFeatureSVD
- type: misc
  target: SetConfig
  params:
    config_dict:
      feature_channel: feature.cell
      label_channel: cell_type
",0.367245644330978,all_total_runs:168|all_finished_runs:162|step2_total_runs:108|step2_finished_runs:104|step3_0_total_runs:20|step3_0_finished_runs:18|step3_1_total_runs:20|step3_1_finished_runs:20|step3_2_total_runs:20|step3_2_finished_runs:20|finished_rate:96.43%,False,"- type: filter.gene
  target: FilterGenesScanpyOrder
  params:
    order:
    - min_counts
    - min_cells
    - max_counts
    - max_cells
    min_counts: 0.01
    max_counts: 0.99
    min_cells: 0.01
    max_cells: 0.99
- type: normalize
  target: ScTransform
  params:
    processes_num: 8
- type: filter.gene
  target: HighlyVariableGenesRawCount
  params:
    n_top_genes: 3000
- type: feature.cell
  params:
    out: feature.cell
    log_level: INFO
    split_name: train
  target: WeightedFeatureSVD
- type: misc
  target: SetConfig
  params:
    config_dict:
      feature_channel: feature.cell
      label_channel: cell_type
",0.367245644330978,"step2:https://wandb.ai/xzy11632/dance-dev/sweeps/vg6gmb7q|step3:https://wandb.ai/xzy11632/dance-dev/sweeps/r1mfa45w,https://wandb.ai/xzy11632/dance-dev/sweeps/dmuofxva,https://wandb.ai/xzy11632/dance-dev/sweeps/ju7xoo4x","- type: filter.gene
  target: FilterGenesScanpyOrder
  params:
    order:
    - max_counts
    - min_counts
    - max_cells
    - min_cells
    min_counts: 489
    min_cells: 0.031173566810699785
    max_counts: 0.9830924403225958
    max_cells: 0.993182771971606
- type: normalize
  target: NormalizeTotalLog1P
  params:
    base: 7.05119126166821
    target_sum: null
    max_fraction: 0.01
- type: filter.gene
  target: HighlyVariableGenesLogarithmizedByTopGenes
  params:
    n_top_genes: 9533
    n_bins: 13
    flavor: cell_ranger
- type: feature.cell
  target: FeatureCellPlaceHolder
  params:
    out: feature.cell
    log_level: INFO
- type: misc
  target: SetConfig
  params:
    config_dict:
      feature_channel: feature.cell
      label_channel: cell_type
",0.363937139511108,all_total_runs:150|all_finished_runs:146|step2_total_runs:90|step2_finished_runs:87|step3_0_total_runs:20|step3_0_finished_runs:19|step3_1_total_runs:20|step3_1_finished_runs:20|step3_2_total_runs:20|step3_2_finished_runs:20|finished_rate:97.33%,0.0,"- type: filter.gene
  target: FilterGenesPlaceHolder
  params: {}
- type: normalize
  target: ScTransform
  params:
    processes_num: 8
- type: filter.gene
  target: FilterGenesRegression
  params:
    num_genes: 3000
- type: feature.cell
  params:
    out: feature.cell
    log_level: INFO
  target: FeatureCellPlaceHolder
- type: misc
  target: SetConfig
  params:
    config_dict:
      feature_channel: feature.cell
      label_channel: cell_type
",0.356492966413498,"step2:https://wandb.ai/xzy11632/dance-dev/sweeps/0h2gwj50|step3:https://wandb.ai/xzy11632/dance-dev/sweeps/k01wdnjh,https://wandb.ai/xzy11632/dance-dev/sweeps/a4fq647c,https://wandb.ai/xzy11632/dance-dev/sweeps/6vb7k24l","- type: filter.gene
  target: FilterGenesPercentile
  params:
    min_val: 8
    max_val: 97
    mode: rv
- type: normalize
  target: NormalizeTotalLog1P
  params:
    base: 9.094822864078663
    target_sum: 1000000
    max_fraction: 0.05
- type: filter.gene
  target: FilterGenesRegression
  params:
    method: scmap
    num_genes: 8238
- type: feature.cell
  target: WeightedFeatureSVD
  params:
    out: feature.cell
    log_level: INFO
    n_components: 614
    feat_norm_mode: standardize
- type: graph.cell
  target: CellFeatureGraph
  params:
    cell_feature_channel: feature.cell
- type: misc
  target: SetConfig
  params:
    config_dict:
      label_channel: cell_type
",0.366418540477753,all_total_runs:90|all_finished_runs:90|step2_total_runs:30|step2_finished_runs:30|step3_0_total_runs:20|step3_0_finished_runs:20|step3_1_total_runs:20|step3_1_finished_runs:20|step3_2_total_runs:20|step3_2_finished_runs:20|finished_rate:100.00%,False,"- type: filter.gene
  target: FilterGenesScanpyOrder
  params:
    order:
    - min_counts
    - min_cells
    - max_counts
    - max_cells
    min_counts: 0.01
    max_counts: 0.99
    min_cells: 0.01
    max_cells: 0.99
- type: normalize
  target: NormalizeTotalLog1P
  params: {}
- type: filter.gene
  target: FilterGenesTopK
  params:
    num_genes: 3000
- type: feature.cell
  params:
    out: feature.cell
    log_level: INFO
    split_name: train
  target: WeightedFeatureSVD
- type: graph.cell
  target: CellFeatureGraph
  params:
    cell_feature_channel: feature.cell
- type: misc
  target: SetConfig
  params:
    config_dict:
      label_channel: cell_type
",0.365591406822205,"step2:https://wandb.ai/xzy11632/dance-dev/sweeps/gtawjwq9|step3:https://wandb.ai/xzy11632/dance-dev/sweeps/kyalenhu,https://wandb.ai/xzy11632/dance-dev/sweeps/dct01rz9,https://wandb.ai/xzy11632/dance-dev/sweeps/v5jdbgpc","- type: filter.gene
  target: FilterGenesPercentile
  params: {}
- type: normalize
  target: NormalizeTotal
  params: {}
- type: filter.gene
  target: HighlyVariableGenesRawCount
  params:
    n_top_genes: 3000
- type: feature.cell
  target: SCNFeature
- type: misc
  target: SetConfig
  params:
    config_dict:
      feature_channel: SCNFeature
      label_channel: cell_type
",0.344913151364764,all_total_runs:78|all_finished_runs:76|step2_total_runs:18|step2_finished_runs:16|step3_0_total_runs:20|step3_0_finished_runs:20|step3_1_total_runs:20|step3_1_finished_runs:20|step3_2_total_runs:20|step3_2_finished_runs:20|finished_rate:97.44%,False,"- type: filter.gene
  target: FilterGenesPercentile
  params: {}
- type: normalize
  target: NormalizeTotal
  params: {}
- type: filter.gene
  target: HighlyVariableGenesRawCount
  params:
    n_top_genes: 3000
- type: feature.cell
  target: SCNFeature
- type: misc
  target: SetConfig
  params:
    config_dict:
      feature_channel: SCNFeature
      label_channel: cell_type
",0.344913151364764,human,Kidney,6044,train,train_human_Kidneyf801b7a9-80a6-4d09-9161-71474deb58ae_data.h5ad,https://www.dropbox.com/scl/fi/60uxtvicy2n8srhqfmub3/human_Kidneyf801b7a9-80a6-4d09-9161-71474deb58ae_data.h5ad?rlkey=x0im2udw8litcyzcsywipm49u&dl=1,f801b7a9-80a6-4d09-9161-71474deb58ae
20d87640-4be8-487f-93d4-dce38378d00f_Kidney,16.0,7802.0,7820.0,12.0,8395202.0,7802.0,"['B cell', 'CD4-positive, alpha-beta T cell', 'CD8-positive, alpha-beta T cell', 'classical monocyte', 'dendritic cell', 'kidney resident macrophage', 'mast cell', 'mature NK T cell', 'natural killer cell', 'neutrophil', 'non-classical monocyte', 'plasmacytoid dendritic cell']",['normal'],Kidney,,,,"[""10x 3' v2""]",,20d87640-4be8-487f-93d4-dce38378d00f,0.0,"step2:https://wandb.ai/xzy11632/dance-dev/sweeps/5xrxwc7y|step3:https://wandb.ai/xzy11632/dance-dev/sweeps/u1k1guyd,https://wandb.ai/xzy11632/dance-dev/sweeps/2tvtyvq5,https://wandb.ai/xzy11632/dance-dev/sweeps/58pa3ei6","- type: filter.gene
  target: FilterGenesPlaceHolder
  params: {}
- type: normalize
  target: Log1P
  params: {}
- type: filter.gene
  target: FilterGenesTopK
  params:
    num_genes: 3000
- type: feature.cell
  params:
    out: feature.cell
    log_level: INFO
    split_name: train
  target: WeightedFeaturePCA
- type: misc
  target: SetConfig
  params:
    config_dict:
      feature_channel: feature.cell
      label_channel: cell_type
",0.332479178905487,all_total_runs:168|all_finished_runs:164|step2_total_runs:108|step2_finished_runs:107|step3_0_total_runs:20|step3_0_finished_runs:20|step3_1_total_runs:20|step3_1_finished_runs:17|step3_2_total_runs:20|step3_2_finished_runs:20|finished_rate:97.62%,False,"- type: filter.gene
  target: FilterGenesPlaceHolder
  params: {}
- type: normalize
  target: Log1P
  params: {}
- type: filter.gene
  target: FilterGenesTopK
  params:
    num_genes: 3000
- type: feature.cell
  params:
    out: feature.cell
    log_level: INFO
    split_name: train
  target: WeightedFeaturePCA
- type: misc
  target: SetConfig
  params:
    config_dict:
      feature_channel: feature.cell
      label_channel: cell_type
",0.332479178905487,"step2:https://wandb.ai/xzy11632/dance-dev/sweeps/g5d9c1zw|step3:https://wandb.ai/xzy11632/dance-dev/sweeps/9vf4xm0l,https://wandb.ai/xzy11632/dance-dev/sweeps/8kjg5wq8,https://wandb.ai/xzy11632/dance-dev/sweeps/aw1u8uwm","- type: filter.gene
  target: FilterGenesPlaceHolder
  params: {}
- type: normalize
  target: NormalizeTotalLog1P
  params: {}
- type: filter.gene
  target: FilterGenesRegression
  params:
    num_genes: 3000
- type: feature.cell
  params:
    out: feature.cell
    log_level: INFO
  target: FeatureCellPlaceHolder
- type: misc
  target: SetConfig
  params:
    config_dict:
      feature_channel: feature.cell
      label_channel: cell_type
",0.262652158737183,all_total_runs:116|all_finished_runs:82|step2_total_runs:90|step2_finished_runs:81|step3_0_total_runs:20|step3_0_finished_runs:1|step3_1_total_runs:3|step3_1_finished_runs:0|step3_2_total_runs:3|step3_2_finished_runs:0|finished_rate:70.69%,0.0,"- type: filter.gene
  target: FilterGenesPlaceHolder
  params: {}
- type: normalize
  target: NormalizeTotalLog1P
  params: {}
- type: filter.gene
  target: FilterGenesRegression
  params:
    num_genes: 3000
- type: feature.cell
  params:
    out: feature.cell
    log_level: INFO
  target: FeatureCellPlaceHolder
- type: misc
  target: SetConfig
  params:
    config_dict:
      feature_channel: feature.cell
      label_channel: cell_type
",0.262652158737183,"step2:https://wandb.ai/xzy11632/dance-dev/sweeps/ugtmreat|step3:https://wandb.ai/xzy11632/dance-dev/sweeps/1tnphe9h,https://wandb.ai/xzy11632/dance-dev/sweeps/606puy2t,https://wandb.ai/xzy11632/dance-dev/sweeps/0ufmiedd","- type: filter.gene
  target: FilterGenesPercentile
  params: {}
- type: normalize
  target: NormalizeTotalLog1P
  params: {}
- type: filter.gene
  target: HighlyVariableGenesRawCount
  params:
    n_top_genes: 3000
- type: feature.cell
  params:
    out: feature.cell
    log_level: INFO
    split_name: train
  target: WeightedFeatureSVD
- type: graph.cell
  target: CellFeatureGraph
  params:
    cell_feature_channel: feature.cell
- type: misc
  target: SetConfig
  params:
    config_dict:
      label_channel: cell_type
",0.297245353460312,all_total_runs:90|all_finished_runs:86|step2_total_runs:30|step2_finished_runs:28|step3_0_total_runs:20|step3_0_finished_runs:20|step3_1_total_runs:20|step3_1_finished_runs:19|step3_2_total_runs:20|step3_2_finished_runs:19|finished_rate:95.56%,False,"- type: filter.gene
  target: FilterGenesPercentile
  params: {}
- type: normalize
  target: NormalizeTotalLog1P
  params: {}
- type: filter.gene
  target: HighlyVariableGenesRawCount
  params:
    n_top_genes: 3000
- type: feature.cell
  params:
    out: feature.cell
    log_level: INFO
    split_name: train
  target: WeightedFeatureSVD
- type: graph.cell
  target: CellFeatureGraph
  params:
    cell_feature_channel: feature.cell
- type: misc
  target: SetConfig
  params:
    config_dict:
      label_channel: cell_type
",0.297245353460312,"step2:https://wandb.ai/xzy11632/dance-dev/sweeps/chcyt21x|step3:https://wandb.ai/xzy11632/dance-dev/sweeps/2bg1ij93,https://wandb.ai/xzy11632/dance-dev/sweeps/a71u7wfu,https://wandb.ai/xzy11632/dance-dev/sweeps/dz4ehvtr","- type: filter.gene
  target: FilterGenesScanpyOrder
  params:
    order:
    - min_counts
    - min_cells
    - max_counts
    - max_cells
    min_counts: 0.01
    max_counts: 0.99
    min_cells: 0.01
    max_cells: 0.99
- type: normalize
  target: ScaleFeature
  params: {}
- type: filter.gene
  target: FilterGenesNumberPlaceHolder
  params: {}
- type: feature.cell
  target: SCNFeature
- type: misc
  target: SetConfig
  params:
    config_dict:
      feature_channel: SCNFeature
      label_channel: cell_type
",0.304292120435618,all_total_runs:78|all_finished_runs:52|step2_total_runs:18|step2_finished_runs:16|step3_0_total_runs:20|step3_0_finished_runs:1|step3_1_total_runs:20|step3_1_finished_runs:17|step3_2_total_runs:20|step3_2_finished_runs:18|finished_rate:66.67%,False,"- type: filter.gene
  target: FilterGenesScanpyOrder
  params:
    order:
    - min_counts
    - min_cells
    - max_counts
    - max_cells
    min_counts: 0.01
    max_counts: 0.99
    min_cells: 0.01
    max_cells: 0.99
- type: normalize
  target: ScaleFeature
  params: {}
- type: filter.gene
  target: FilterGenesNumberPlaceHolder
  params: {}
- type: feature.cell
  target: SCNFeature
- type: misc
  target: SetConfig
  params:
    config_dict:
      feature_channel: SCNFeature
      label_channel: cell_type
",0.304292120435618,human,Kidney,7802,train,train_human_Kidney20d87640-4be8-487f-93d4-dce38378d00f_data.h5ad,https://www.dropbox.com/scl/fi/xmzomvt0c8bza3fy8me0p/human_Kidney20d87640-4be8-487f-93d4-dce38378d00f_data.h5ad?rlkey=iqzword5254z5rujjdey1u8hc&dl=1,20d87640-4be8-487f-93d4-dce38378d00f
2d31c0ca-0233-41ce-bd1a-05aa8404b073_Kidney,17.0,6847.0,9422.0,13.0,11544042.0,6847.0,"['B cell', 'CD4-positive, alpha-beta T cell', 'CD8-positive, alpha-beta T cell', 'conventional dendritic cell', 'erythroid lineage cell', 'lymphocyte', 'macrophage', 'mast cell', 'megakaryocyte', 'monocyte', 'natural killer cell', 'neutrophil', 'plasmacytoid dendritic cell']",['normal'],Kidney,,,,"[""10x 3' v2""]",,2d31c0ca-0233-41ce-bd1a-05aa8404b073,0.0,"step2:https://wandb.ai/xzy11632/dance-dev/sweeps/gjpauh7u|step3:https://wandb.ai/xzy11632/dance-dev/sweeps/6x1rfw30,https://wandb.ai/xzy11632/dance-dev/sweeps/53tizaqy,https://wandb.ai/xzy11632/dance-dev/sweeps/z9plt51y","- type: filter.gene
  target: FilterGenesScanpyOrder
  params:
    order:
    - min_counts
    - min_cells
    - max_counts
    - max_cells
    min_counts: 0.01
    max_counts: 0.99
    min_cells: 0.01
    max_cells: 0.99
- type: normalize
  target: ScaleFeature
  params: {}
- type: filter.gene
  target: HighlyVariableGenesRawCount
  params:
    n_top_genes: 3000
- type: feature.cell
  params:
    out: feature.cell
    log_level: INFO
    split_name: train
  target: WeightedFeatureSVD
- type: misc
  target: SetConfig
  params:
    config_dict:
      feature_channel: feature.cell
      label_channel: cell_type
",0.362043797969818,all_total_runs:168|all_finished_runs:160|step2_total_runs:108|step2_finished_runs:107|step3_0_total_runs:20|step3_0_finished_runs:14|step3_1_total_runs:20|step3_1_finished_runs:20|step3_2_total_runs:20|step3_2_finished_runs:19|finished_rate:95.24%,False,"- type: filter.gene
  target: FilterGenesScanpyOrder
  params:
    order:
    - min_counts
    - min_cells
    - max_counts
    - max_cells
    min_counts: 0.01
    max_counts: 0.99
    min_cells: 0.01
    max_cells: 0.99
- type: normalize
  target: ScaleFeature
  params: {}
- type: filter.gene
  target: HighlyVariableGenesRawCount
  params:
    n_top_genes: 3000
- type: feature.cell
  params:
    out: feature.cell
    log_level: INFO
    split_name: train
  target: WeightedFeatureSVD
- type: misc
  target: SetConfig
  params:
    config_dict:
      feature_channel: feature.cell
      label_channel: cell_type
",0.362043797969818,"step2:https://wandb.ai/xzy11632/dance-dev/sweeps/okeed2te|step3:https://wandb.ai/xzy11632/dance-dev/sweeps/75r2ldh6,https://wandb.ai/xzy11632/dance-dev/sweeps/etvkbjkx,https://wandb.ai/xzy11632/dance-dev/sweeps/mp3m5z6s","- type: filter.gene
  target: FilterGenesPercentile
  params: {}
- type: normalize
  target: Log1P
  params: {}
- type: filter.gene
  target: FilterGenesTopK
  params:
    num_genes: 3000
- type: feature.cell
  params:
    out: feature.cell
    log_level: INFO
  target: FeatureCellPlaceHolder
- type: misc
  target: SetConfig
  params:
    config_dict:
      feature_channel: feature.cell
      label_channel: cell_type
",0.339416056871414,all_total_runs:99|all_finished_runs:83|step2_total_runs:90|step2_finished_runs:83|step3_0_total_runs:3|step3_0_finished_runs:0|step3_1_total_runs:3|step3_1_finished_runs:0|step3_2_total_runs:3|step3_2_finished_runs:0|finished_rate:83.84%,0.0,"- type: filter.gene
  target: FilterGenesPercentile
  params: {}
- type: normalize
  target: Log1P
  params: {}
- type: filter.gene
  target: FilterGenesTopK
  params:
    num_genes: 3000
- type: feature.cell
  params:
    out: feature.cell
    log_level: INFO
  target: FeatureCellPlaceHolder
- type: misc
  target: SetConfig
  params:
    config_dict:
      feature_channel: feature.cell
      label_channel: cell_type
",0.339416056871414,"step2:https://wandb.ai/xzy11632/dance-dev/sweeps/j9jbzdl7|step3:https://wandb.ai/xzy11632/dance-dev/sweeps/0zj0djpq,https://wandb.ai/xzy11632/dance-dev/sweeps/nzbce24h,https://wandb.ai/xzy11632/dance-dev/sweeps/bv5jbfvl","- type: filter.gene
  target: FilterGenesPlaceHolder
  params: {}
- type: normalize
  target: Log1P
  params: {}
- type: filter.gene
  target: HighlyVariableGenesRawCount
  params:
    n_top_genes: 3000
- type: feature.cell
  params:
    out: feature.cell
    log_level: INFO
    split_name: train
  target: WeightedFeatureSVD
- type: graph.cell
  target: CellFeatureGraph
  params:
    cell_feature_channel: feature.cell
- type: misc
  target: SetConfig
  params:
    config_dict:
      label_channel: cell_type
",0.364963501691818,all_total_runs:90|all_finished_runs:89|step2_total_runs:30|step2_finished_runs:30|step3_0_total_runs:20|step3_0_finished_runs:20|step3_1_total_runs:20|step3_1_finished_runs:19|step3_2_total_runs:20|step3_2_finished_runs:20|finished_rate:98.89%,False,"- type: filter.gene
  target: FilterGenesPlaceHolder
  params: {}
- type: normalize
  target: Log1P
  params: {}
- type: filter.gene
  target: HighlyVariableGenesRawCount
  params:
    n_top_genes: 3000
- type: feature.cell
  params:
    out: feature.cell
    log_level: INFO
    split_name: train
  target: WeightedFeatureSVD
- type: graph.cell
  target: CellFeatureGraph
  params:
    cell_feature_channel: feature.cell
- type: misc
  target: SetConfig
  params:
    config_dict:
      label_channel: cell_type
",0.364963501691818,"step2:https://wandb.ai/xzy11632/dance-dev/sweeps/vxs1h57r|step3:https://wandb.ai/xzy11632/dance-dev/sweeps/2695t1y0,https://wandb.ai/xzy11632/dance-dev/sweeps/zh3kkcx8,https://wandb.ai/xzy11632/dance-dev/sweeps/mj8kj39p","- type: filter.gene
  target: FilterGenesScanpyOrder
  params:
    order:
    - min_counts
    - min_cells
    - max_counts
    - max_cells
    min_counts: 0.01
    max_counts: 0.99
    min_cells: 0.01
    max_cells: 0.99
- type: normalize
  target: ScTransform
  params:
    processes_num: 8
- type: filter.gene
  target: HighlyVariableGenesLogarithmizedByTopGenes
  params:
    n_top_genes: 3000
- type: feature.cell
  target: SCNFeature
- type: misc
  target: SetConfig
  params:
    config_dict:
      feature_channel: SCNFeature
      label_channel: cell_type
",0.375912408759124,all_total_runs:78|all_finished_runs:49|step2_total_runs:18|step2_finished_runs:18|step3_0_total_runs:20|step3_0_finished_runs:1|step3_1_total_runs:20|step3_1_finished_runs:19|step3_2_total_runs:20|step3_2_finished_runs:11|finished_rate:62.82%,False,"- type: filter.gene
  target: FilterGenesScanpyOrder
  params:
    order:
    - min_counts
    - min_cells
    - max_counts
    - max_cells
    min_counts: 0.01
    max_counts: 0.99
    min_cells: 0.01
    max_cells: 0.99
- type: normalize
  target: ScTransform
  params:
    processes_num: 8
- type: filter.gene
  target: HighlyVariableGenesLogarithmizedByTopGenes
  params:
    n_top_genes: 3000
- type: feature.cell
  target: SCNFeature
- type: misc
  target: SetConfig
  params:
    config_dict:
      feature_channel: SCNFeature
      label_channel: cell_type
",0.375912408759124,human,Kidney,6847,train,train_human_Kidney2d31c0ca-0233-41ce-bd1a-05aa8404b073_data.h5ad,https://www.dropbox.com/scl/fi/rhngz2alde48jotpy5c5v/human_Kidney2d31c0ca-0233-41ce-bd1a-05aa8404b073_data.h5ad?rlkey=u0x4dsnt569wq07l3h1rqjzum&dl=1,2d31c0ca-0233-41ce-bd1a-05aa8404b073
fa27492b-82ff-4ab7-ac61-0e2b184eee67_Lung,0.0,10000.0,11323.0,12.0,4190561.0,46978.0,"['ciliated epithelial cell', 'endothelial cell of lymphatic vessel', 'endothelial cell of vascular tree', 'epithelial cell of lower respiratory tract', 'innate lymphoid cell', 'megakaryocyte', 'mesothelial cell', 'myeloid cell', 'neuroendocrine cell', 'squamous epithelial cell', 'stromal cell', 'unknown', 'visceromotor neuron']",['normal'],Lung,10000.0,"['ciliated epithelial cell', 'endothelial cell of lymphatic vessel', 'endothelial cell of vascular tree', 'epithelial cell of lower respiratory tract', 'innate lymphoid cell', 'megakaryocyte', 'mesothelial cell', 'myeloid cell', 'neuroendocrine cell', 'squamous epithelial cell', 'stromal cell', 'visceromotor neuron']",['normal'],['sci-RNA-seq'],['sci-RNA-seq'],fa27492b-82ff-4ab7-ac61-0e2b184eee67,0.0,"step2:https://wandb.ai/xzy11632/dance-dev/sweeps/4ft0jqyx|step3:https://wandb.ai/xzy11632/dance-dev/sweeps/hvc1tbps,https://wandb.ai/xzy11632/dance-dev/sweeps/aawb9nyx,https://wandb.ai/xzy11632/dance-dev/sweeps/gpci23wg","- type: filter.gene
  target: FilterGenesPlaceHolder
- type: normalize
  target: ScaleFeature
  params:
    mode: minmax
    eps: 0.3
- type: filter.gene
  target: FilterGenesRegression
  params:
    method: scmap
    num_genes: 5677
- type: feature.cell
  target: CellPCA
  params:
    out: feature.cell
    log_level: INFO
    n_components: 415
    svd_solver: auto
- type: misc
  target: SetConfig
  params:
    config_dict:
      feature_channel: feature.cell
      label_channel: cell_type
",0.484499990940094,all_total_runs:168|all_finished_runs:162|step2_total_runs:108|step2_finished_runs:105|step3_0_total_runs:20|step3_0_finished_runs:19|step3_1_total_runs:20|step3_1_finished_runs:20|step3_2_total_runs:20|step3_2_finished_runs:18|finished_rate:96.43%,False,"- type: filter.gene
  target: FilterGenesScanpyOrder
  params:
    order:
    - min_counts
    - min_cells
    - max_counts
    - max_cells
    min_counts: 0.01
    max_counts: 0.99
    min_cells: 0.01
    max_cells: 0.99
- type: normalize
  target: ScaleFeature
  params: {}
- type: filter.gene
  target: HighlyVariableGenesRawCount
  params:
    n_top_genes: 3000
- type: feature.cell
  params:
    out: feature.cell
    log_level: INFO
    split_name: train
  target: WeightedFeatureSVD
- type: misc
  target: SetConfig
  params:
    config_dict:
      feature_channel: feature.cell
      label_channel: cell_type
",0.479000002145767,"step2:https://wandb.ai/xzy11632/dance-dev/sweeps/ez8sztnf|step3:https://wandb.ai/xzy11632/dance-dev/sweeps/t4o4ajh0,https://wandb.ai/xzy11632/dance-dev/sweeps/dc2x2b61,https://wandb.ai/xzy11632/dance-dev/sweeps/ue9sz5gl","- type: filter.gene
  target: FilterGenesPlaceHolder
  params: {}
- type: normalize
  target: ScTransform
  params:
    processes_num: 8
- type: filter.gene
  target: HighlyVariableGenesLogarithmizedByMeanAndDisp
  params: {}
- type: feature.cell
  params:
    out: feature.cell
    log_level: INFO
  target: FeatureCellPlaceHolder
- type: misc
  target: SetConfig
  params:
    config_dict:
      feature_channel: feature.cell
      label_channel: cell_type
",0.456000000238419,all_total_runs:133|all_finished_runs:110|step2_total_runs:90|step2_finished_runs:89|step3_0_total_runs:3|step3_0_finished_runs:0|step3_1_total_runs:20|step3_1_finished_runs:20|step3_2_total_runs:20|step3_2_finished_runs:1|finished_rate:82.71%,0.0,"- type: filter.gene
  target: FilterGenesPlaceHolder
  params: {}
- type: normalize
  target: ScTransform
  params:
    processes_num: 8
- type: filter.gene
  target: HighlyVariableGenesLogarithmizedByMeanAndDisp
  params: {}
- type: feature.cell
  params:
    out: feature.cell
    log_level: INFO
  target: FeatureCellPlaceHolder
- type: misc
  target: SetConfig
  params:
    config_dict:
      feature_channel: feature.cell
      label_channel: cell_type
",0.456000000238419,"step2:https://wandb.ai/xzy11632/dance-dev/sweeps/fisch51y|step3:https://wandb.ai/xzy11632/dance-dev/sweeps/gb8e4g4b,https://wandb.ai/xzy11632/dance-dev/sweeps/ky0gmv3u,https://wandb.ai/xzy11632/dance-dev/sweeps/sr9nhsxa","- type: filter.gene
  target: FilterGenesScanpyOrder
  params:
    order:
    - min_counts
    - max_counts
    - min_cells
    - max_cells
    min_counts: 421
    min_cells: 0.06372547097508051
    max_counts: 0.9341402623798708
    max_cells: 0.9734426567600912
- type: normalize
  target: ScaleFeature
  params:
    mode: l2
    eps: 0.5
- type: filter.gene
  target: HighlyVariableGenesRawCount
  params:
    n_top_genes: 5084
    span: 0.13291302230580437
- type: feature.cell
  target: WeightedFeatureSVD
  params:
    out: feature.cell
    log_level: INFO
    n_components: 794
    feat_norm_mode: l2
- type: graph.cell
  target: CellFeatureGraph
  params:
    cell_feature_channel: feature.cell
- type: misc
  target: SetConfig
  params:
    config_dict:
      label_channel: cell_type
",0.480500012636185,all_total_runs:73|all_finished_runs:57|step2_total_runs:30|step2_finished_runs:28|step3_0_total_runs:3|step3_0_finished_runs:0|step3_1_total_runs:20|step3_1_finished_runs:14|step3_2_total_runs:20|step3_2_finished_runs:15|finished_rate:78.08%,False,"- type: filter.gene
  target: FilterGenesPlaceHolder
  params: {}
- type: normalize
  target: ScaleFeature
  params: {}
- type: filter.gene
  target: FilterGenesTopK
  params:
    num_genes: 3000
- type: feature.cell
  params:
    out: feature.cell
    log_level: INFO
    split_name: train
  target: WeightedFeatureSVD
- type: graph.cell
  target: CellFeatureGraph
  params:
    cell_feature_channel: feature.cell
- type: misc
  target: SetConfig
  params:
    config_dict:
      label_channel: cell_type
",0.479000002145767,"step2:https://wandb.ai/xzy11632/dance-dev/sweeps/z6dnevpk|step3:https://wandb.ai/xzy11632/dance-dev/sweeps/7we3rhug,https://wandb.ai/xzy11632/dance-dev/sweeps/v772xvfy,https://wandb.ai/xzy11632/dance-dev/sweeps/ukmcshxu","- type: filter.gene
  target: FilterGenesPercentile
  params: {}
- type: normalize
  target: NormalizePlaceHolder
  params: {}
- type: filter.gene
  target: FilterGenesRegression
  params:
    num_genes: 3000
- type: feature.cell
  target: SCNFeature
- type: misc
  target: SetConfig
  params:
    config_dict:
      feature_channel: SCNFeature
      label_channel: cell_type
",0.486,all_total_runs:78|all_finished_runs:72|step2_total_runs:18|step2_finished_runs:15|step3_0_total_runs:20|step3_0_finished_runs:17|step3_1_total_runs:20|step3_1_finished_runs:20|step3_2_total_runs:20|step3_2_finished_runs:20|finished_rate:92.31%,False,"- type: filter.gene
  target: FilterGenesPercentile
  params: {}
- type: normalize
  target: NormalizePlaceHolder
  params: {}
- type: filter.gene
  target: FilterGenesRegression
  params:
    num_genes: 3000
- type: feature.cell
  target: SCNFeature
- type: misc
  target: SetConfig
  params:
    config_dict:
      feature_channel: SCNFeature
      label_channel: cell_type
",0.486,human,Lung,10000,train,train_human_Lungfa27492b-82ff-4ab7-ac61-0e2b184eee67(Lung)_data.h5ad,https://www.dropbox.com/scl/fi/w0n6axa32nej87tw4rk49/human_Lungfa27492b-82ff-4ab7-ac61-0e2b184eee67_data-Lung.h5ad?rlkey=8lgoi54y9wtxtfwpmnumpmzex&st=1ofxszp7&dl=1,fa27492b-82ff-4ab7-ac61-0e2b184eee67
f72958f5-7f42-4ebb-98da-445b0c6de516_Lung,1.0,10000.0,19441.0,22.0,17868503.0,333408.0,"['B cell', 'NKp46-positive innate lymphoid cell, human', 'T cell', 'basal cell', 'capillary endothelial cell', 'dendritic cell', 'endothelial cell of artery', 'endothelial cell of lymphatic vessel', 'fibroblast', 'fibrocyte', 'lung secretory cell', 'macrophage', 'mast cell', 'monocyte', 'multi-ciliated epithelial cell', 'myofibroblast cell', 'secretory cell', 'tracheobronchial smooth muscle cell', 'type I pneumocyte', 'type II pneumocyte', 'unknown', 'vein endothelial cell']",['normal'],Lung,10000.0,"['B cell', 'NKp46-positive innate lymphoid cell, human', 'T cell', 'basal cell', 'capillary endothelial cell', 'dendritic cell', 'endothelial cell of artery', 'endothelial cell of lymphatic vessel', 'fibroblast', 'fibrocyte', 'lung secretory cell', 'macrophage', 'mast cell', 'monocyte', 'multi-ciliated epithelial cell', 'myofibroblast cell', 'secretory cell', 'tracheobronchial smooth muscle cell', 'type I pneumocyte', 'type II pneumocyte', 'unknown', 'vein endothelial cell']",['normal'],"[""10x 3' v1"", ""10x 3' v2"", ""10x 3' v3"", ""10x 5' v1"", ""10x 5' v2""]","[""10x 3' v1"", ""10x 3' v2"", ""10x 3' v3"", ""10x 5' v1"", ""10x 5' v2""]",f72958f5-7f42-4ebb-98da-445b0c6de516,0.0,"step2:https://wandb.ai/xzy11632/dance-dev/sweeps/ydqhv69o|step3:https://wandb.ai/xzy11632/dance-dev/sweeps/cw8meep6,https://wandb.ai/xzy11632/dance-dev/sweeps/6paro7vy,https://wandb.ai/xzy11632/dance-dev/sweeps/ydct3btq","- type: filter.gene
  target: FilterGenesPercentile
  params: {}
- type: normalize
  target: Log1P
  params: {}
- type: filter.gene
  target: FilterGenesTopK
  params:
    num_genes: 3000
- type: feature.cell
  params:
    out: feature.cell
    log_level: INFO
  target: CellPCA
- type: misc
  target: SetConfig
  params:
    config_dict:
      feature_channel: feature.cell
      label_channel: cell_type
",0.293500006198883,all_total_runs:168|all_finished_runs:166|step2_total_runs:108|step2_finished_runs:108|step3_0_total_runs:20|step3_0_finished_runs:19|step3_1_total_runs:20|step3_1_finished_runs:20|step3_2_total_runs:20|step3_2_finished_runs:19|finished_rate:98.81%,False,"- type: filter.gene
  target: FilterGenesPercentile
  params: {}
- type: normalize
  target: Log1P
  params: {}
- type: filter.gene
  target: FilterGenesTopK
  params:
    num_genes: 3000
- type: feature.cell
  params:
    out: feature.cell
    log_level: INFO
  target: CellPCA
- type: misc
  target: SetConfig
  params:
    config_dict:
      feature_channel: feature.cell
      label_channel: cell_type
",0.293500006198883,"step2:https://wandb.ai/xzy11632/dance-dev/sweeps/e7q82re4|step3:https://wandb.ai/xzy11632/dance-dev/sweeps/fd22wlxv,https://wandb.ai/xzy11632/dance-dev/sweeps/ng25xit6,https://wandb.ai/xzy11632/dance-dev/sweeps/c9lkfgtu","- type: filter.gene
  target: FilterGenesScanpyOrder
  params:
    order:
    - max_cells
    - max_counts
    - min_cells
    - min_counts
    min_counts: 458
    min_cells: 0.06804134676641198
    max_counts: 0.9090283448000082
    max_cells: 0.9521660812719834
- type: normalize
  target: ScTransform
  params:
    processes_num: 8
    min_cells: 9
    gmean_eps: 1
    n_genes: 2673
    n_cells: null
    bin_size: 667
    bw_adjust: 1.0096464782294712
- type: filter.gene
  target: FilterGenesTopK
  params:
    num_genes: 8300
    top: true
    mode: sum
- type: feature.cell
  target: FeatureCellPlaceHolder
  params:
    out: feature.cell
    log_level: INFO
- type: misc
  target: SetConfig
  params:
    config_dict:
      feature_channel: feature.cell
      label_channel: cell_type
",0.28600001335144,all_total_runs:150|all_finished_runs:120|step2_total_runs:90|step2_finished_runs:79|step3_0_total_runs:20|step3_0_finished_runs:20|step3_1_total_runs:20|step3_1_finished_runs:20|step3_2_total_runs:20|step3_2_finished_runs:1|finished_rate:80.00%,0.0,"- type: filter.gene
  target: FilterGenesPercentile
  params: {}
- type: normalize
  target: NormalizePlaceHolder
  params: {}
- type: filter.gene
  target: FilterGenesTopK
  params:
    num_genes: 3000
- type: feature.cell
  params:
    out: feature.cell
    log_level: INFO
  target: GaussRandProjFeature
- type: misc
  target: SetConfig
  params:
    config_dict:
      feature_channel: feature.cell
      label_channel: cell_type
",0.275499999523163,"step2:https://wandb.ai/xzy11632/dance-dev/sweeps/rvnujpsk|step3:https://wandb.ai/xzy11632/dance-dev/sweeps/tq5yu8ov,https://wandb.ai/xzy11632/dance-dev/sweeps/hvaaod86,https://wandb.ai/xzy11632/dance-dev/sweeps/rsu4cffp","- type: filter.gene
  target: FilterGenesPlaceHolder
  params: {}
- type: normalize
  target: ScaleFeature
  params: {}
- type: filter.gene
  target: FilterGenesTopK
  params:
    num_genes: 3000
- type: feature.cell
  params:
    out: feature.cell
    log_level: INFO
    split_name: train
  target: WeightedFeatureSVD
- type: graph.cell
  target: CellFeatureGraph
  params:
    cell_feature_channel: feature.cell
- type: misc
  target: SetConfig
  params:
    config_dict:
      label_channel: cell_type
",0.30799999833107,all_total_runs:90|all_finished_runs:80|step2_total_runs:30|step2_finished_runs:28|step3_0_total_runs:20|step3_0_finished_runs:19|step3_1_total_runs:20|step3_1_finished_runs:18|step3_2_total_runs:20|step3_2_finished_runs:15|finished_rate:88.89%,False,"- type: filter.gene
  target: FilterGenesPlaceHolder
  params: {}
- type: normalize
  target: ScaleFeature
  params: {}
- type: filter.gene
  target: FilterGenesTopK
  params:
    num_genes: 3000
- type: feature.cell
  params:
    out: feature.cell
    log_level: INFO
    split_name: train
  target: WeightedFeatureSVD
- type: graph.cell
  target: CellFeatureGraph
  params:
    cell_feature_channel: feature.cell
- type: misc
  target: SetConfig
  params:
    config_dict:
      label_channel: cell_type
",0.30799999833107,"step2:https://wandb.ai/xzy11632/dance-dev/sweeps/zghhyl69|step3:https://wandb.ai/xzy11632/dance-dev/sweeps/ql4xkdl6,https://wandb.ai/xzy11632/dance-dev/sweeps/2jsjiipy,https://wandb.ai/xzy11632/dance-dev/sweeps/ubn8rhtj","- type: filter.gene
  target: FilterGenesPercentile
  params: {}
- type: normalize
  target: NormalizeTotalLog1P
  params: {}
- type: filter.gene
  target: HighlyVariableGenesLogarithmizedByMeanAndDisp
  params: {}
- type: feature.cell
  target: SCNFeature
- type: misc
  target: SetConfig
  params:
    config_dict:
      feature_channel: SCNFeature
      label_channel: cell_type
",0.309,all_total_runs:78|all_finished_runs:58|step2_total_runs:18|step2_finished_runs:17|step3_0_total_runs:20|step3_0_finished_runs:20|step3_1_total_runs:20|step3_1_finished_runs:20|step3_2_total_runs:20|step3_2_finished_runs:1|finished_rate:74.36%,False,"- type: filter.gene
  target: FilterGenesPercentile
  params: {}
- type: normalize
  target: NormalizeTotalLog1P
  params: {}
- type: filter.gene
  target: HighlyVariableGenesLogarithmizedByMeanAndDisp
  params: {}
- type: feature.cell
  target: SCNFeature
- type: misc
  target: SetConfig
  params:
    config_dict:
      feature_channel: SCNFeature
      label_channel: cell_type
",0.309,human,Lung,10000,train,train_human_Lungf72958f5-7f42-4ebb-98da-445b0c6de516_data.h5ad,https://www.dropbox.com/scl/fi/dqhei15s96dg3q8bdd31b/human_Lungf72958f5-7f42-4ebb-98da-445b0c6de516_data.h5ad?rlkey=ykpxbucys97t327fwehflkoa2&dl=1,f72958f5-7f42-4ebb-98da-445b0c6de516
3de0ad6d-4378-4f62-b37b-ec0b75a50d94_Lung,2.0,10000.0,16511.0,28.0,15611403.0,46500.0,"['B cell', 'T cell', 'alveolar macrophage', 'basal cell', 'blood vessel endothelial cell', 'chondrocyte', 'ciliated cell', 'club cell', 'dendritic cell', 'endothelial cell', 'endothelial cell of artery', 'enucleate erythrocyte', 'epithelial cell', 'fibroblast', 'goblet cell', 'lung neuroendocrine cell', 'macrophage', 'mast cell', 'monocyte', 'myofibroblast cell', 'natural killer cell', 'pericyte', 'smooth muscle cell', 'type I pneumocyte', 'type II pneumocyte', 'unknown', 'vascular associated smooth muscle cell', 'vein endothelial cell']",['normal'],Lung,10000.0,"['B cell', 'T cell', 'alveolar macrophage', 'basal cell', 'blood vessel endothelial cell', 'chondrocyte', 'ciliated cell', 'club cell', 'dendritic cell', 'endothelial cell', 'endothelial cell of artery', 'enucleate erythrocyte', 'epithelial cell', 'fibroblast', 'goblet cell', 'lung neuroendocrine cell', 'macrophage', 'mast cell', 'monocyte', 'myofibroblast cell', 'natural killer cell', 'pericyte', 'smooth muscle cell', 'type I pneumocyte', 'type II pneumocyte', 'unknown', 'vascular associated smooth muscle cell', 'vein endothelial cell']",['normal'],"[""10x 3' v3""]","[""10x 3' v3""]",3de0ad6d-4378-4f62-b37b-ec0b75a50d94,0.0,"step2:https://wandb.ai/xzy11632/dance-dev/sweeps/li96rk6o|step3:https://wandb.ai/xzy11632/dance-dev/sweeps/esdw4mhn,https://wandb.ai/xzy11632/dance-dev/sweeps/uprj2yjo,https://wandb.ai/xzy11632/dance-dev/sweeps/di0w6vp6","- type: filter.gene
  target: FilterGenesPercentile
  params: {}
- type: normalize
  target: NormalizeTotalLog1P
  params: {}
- type: filter.gene
  target: FilterGenesRegression
  params:
    num_genes: 3000
- type: feature.cell
  params:
    out: feature.cell
    log_level: INFO
    split_name: train
  target: WeightedFeaturePCA
- type: misc
  target: SetConfig
  params:
    config_dict:
      feature_channel: feature.cell
      label_channel: cell_type
",0.175999999046326,all_total_runs:149|all_finished_runs:146|step2_total_runs:108|step2_finished_runs:106|step3_0_total_runs:20|step3_0_finished_runs:20|step3_1_total_runs:1|step3_1_finished_runs:1|step3_2_total_runs:20|step3_2_finished_runs:19|finished_rate:97.99%,False,"- type: filter.gene
  target: FilterGenesPercentile
  params: {}
- type: normalize
  target: NormalizeTotalLog1P
  params: {}
- type: filter.gene
  target: FilterGenesRegression
  params:
    num_genes: 3000
- type: feature.cell
  params:
    out: feature.cell
    log_level: INFO
    split_name: train
  target: WeightedFeaturePCA
- type: misc
  target: SetConfig
  params:
    config_dict:
      feature_channel: feature.cell
      label_channel: cell_type
",0.175999999046326,"step2:https://wandb.ai/xzy11632/dance-dev/sweeps/s83a9po7|step3:https://wandb.ai/xzy11632/dance-dev/sweeps/nqvp8mcg,https://wandb.ai/xzy11632/dance-dev/sweeps/jm7bs9it,https://wandb.ai/xzy11632/dance-dev/sweeps/2u51o7ap","- type: filter.gene
  target: FilterGenesScanpyOrder
  params:
    order:
    - min_counts
    - min_cells
    - max_counts
    - max_cells
    min_counts: 0.01
    max_counts: 0.99
    min_cells: 0.01
    max_cells: 0.99
- type: normalize
  target: Log1P
  params: {}
- type: filter.gene
  target: HighlyVariableGenesLogarithmizedByTopGenes
  params:
    n_top_genes: 3000
- type: feature.cell
  params:
    out: feature.cell
    log_level: INFO
  target: FeatureCellPlaceHolder
- type: misc
  target: SetConfig
  params:
    config_dict:
      feature_channel: feature.cell
      label_channel: cell_type
",0.158500000834465,all_total_runs:150|all_finished_runs:140|step2_total_runs:90|step2_finished_runs:86|step3_0_total_runs:20|step3_0_finished_runs:19|step3_1_total_runs:20|step3_1_finished_runs:19|step3_2_total_runs:20|step3_2_finished_runs:16|finished_rate:93.33%,0.0,"- type: filter.gene
  target: FilterGenesScanpyOrder
  params:
    order:
    - min_counts
    - min_cells
    - max_counts
    - max_cells
    min_counts: 0.01
    max_counts: 0.99
    min_cells: 0.01
    max_cells: 0.99
- type: normalize
  target: Log1P
  params: {}
- type: filter.gene
  target: HighlyVariableGenesLogarithmizedByTopGenes
  params:
    n_top_genes: 3000
- type: feature.cell
  params:
    out: feature.cell
    log_level: INFO
  target: FeatureCellPlaceHolder
- type: misc
  target: SetConfig
  params:
    config_dict:
      feature_channel: feature.cell
      label_channel: cell_type
",0.158500000834465,"step2:https://wandb.ai/xzy11632/dance-dev/sweeps/07n1tc5p|step3:https://wandb.ai/xzy11632/dance-dev/sweeps/vz8gtmf8,https://wandb.ai/xzy11632/dance-dev/sweeps/uhz4w9j3,https://wandb.ai/xzy11632/dance-dev/sweeps/f56r76i0","- type: filter.gene
  target: FilterGenesPlaceHolder
  params: {}
- type: normalize
  target: ScaleFeature
  params: {}
- type: filter.gene
  target: FilterGenesRegression
  params:
    num_genes: 3000
- type: feature.cell
  params:
    out: feature.cell
    log_level: INFO
    split_name: train
  target: WeightedFeaturePCA
- type: graph.cell
  target: CellFeatureGraph
  params:
    cell_feature_channel: feature.cell
- type: misc
  target: SetConfig
  params:
    config_dict:
      label_channel: cell_type
",0.177000001072884,all_total_runs:90|all_finished_runs:66|step2_total_runs:30|step2_finished_runs:27|step3_0_total_runs:20|step3_0_finished_runs:2|step3_1_total_runs:20|step3_1_finished_runs:19|step3_2_total_runs:20|step3_2_finished_runs:18|finished_rate:73.33%,False,"- type: filter.gene
  target: FilterGenesPlaceHolder
  params: {}
- type: normalize
  target: ScaleFeature
  params: {}
- type: filter.gene
  target: FilterGenesRegression
  params:
    num_genes: 3000
- type: feature.cell
  params:
    out: feature.cell
    log_level: INFO
    split_name: train
  target: WeightedFeaturePCA
- type: graph.cell
  target: CellFeatureGraph
  params:
    cell_feature_channel: feature.cell
- type: misc
  target: SetConfig
  params:
    config_dict:
      label_channel: cell_type
",0.177000001072884,"step2:https://wandb.ai/xzy11632/dance-dev/sweeps/uajxnl0e|step3:https://wandb.ai/xzy11632/dance-dev/sweeps/5wfkjy2a,https://wandb.ai/xzy11632/dance-dev/sweeps/cxzdp222,https://wandb.ai/xzy11632/dance-dev/sweeps/1h3o3ecr","- type: filter.gene
  target: FilterGenesScanpyOrder
  params:
    order:
    - min_counts
    - min_cells
    - max_counts
    - max_cells
    min_counts: 0.01
    max_counts: 0.99
    min_cells: 0.01
    max_cells: 0.99
- type: normalize
  target: NormalizeTotalLog1P
  params: {}
- type: filter.gene
  target: FilterGenesNumberPlaceHolder
  params: {}
- type: feature.cell
  target: SCNFeature
- type: misc
  target: SetConfig
  params:
    config_dict:
      feature_channel: SCNFeature
      label_channel: cell_type
",0.168,all_total_runs:78|all_finished_runs:75|step2_total_runs:18|step2_finished_runs:15|step3_0_total_runs:20|step3_0_finished_runs:20|step3_1_total_runs:20|step3_1_finished_runs:20|step3_2_total_runs:20|step3_2_finished_runs:20|finished_rate:96.15%,False,"- type: filter.gene
  target: FilterGenesScanpyOrder
  params:
    order:
    - min_counts
    - min_cells
    - max_counts
    - max_cells
    min_counts: 0.01
    max_counts: 0.99
    min_cells: 0.01
    max_cells: 0.99
- type: normalize
  target: NormalizeTotalLog1P
  params: {}
- type: filter.gene
  target: FilterGenesNumberPlaceHolder
  params: {}
- type: feature.cell
  target: SCNFeature
- type: misc
  target: SetConfig
  params:
    config_dict:
      feature_channel: SCNFeature
      label_channel: cell_type
",0.168,human,Lung,10000,train,train_human_Lung3de0ad6d-4378-4f62-b37b-ec0b75a50d94_data.h5ad,https://www.dropbox.com/scl/fi/pwhyse079mo9radk2xzuw/human_Lung3de0ad6d-4378-4f62-b37b-ec0b75a50d94_data.h5ad?rlkey=t60bp7w5mf3k877q1i430oc14&dl=1,3de0ad6d-4378-4f62-b37b-ec0b75a50d94
1e5bd3b8-6a0e-4959-8d69-cafed30fe814_Lung,3.0,10000.0,13194.0,9.0,19078101.0,35699.0,"['B cell', 'T cell', 'alveolar macrophage', 'dendritic cell', 'macrophage', 'mast cell', 'monocyte', 'natural killer cell', 'plasma cell']","['normal', 'pulmonary emphysema']",Lung,10000.0,"['B cell', 'T cell', 'alveolar macrophage', 'dendritic cell', 'macrophage', 'mast cell', 'monocyte', 'natural killer cell', 'plasma cell']","['normal', 'pulmonary emphysema']","[""10x 3' v3""]","[""10x 3' v3""]",1e5bd3b8-6a0e-4959-8d69-cafed30fe814,0.0,"step2:https://wandb.ai/xzy11632/dance-dev/sweeps/v8drci93|step3:https://wandb.ai/xzy11632/dance-dev/sweeps/pfhn65ul,https://wandb.ai/xzy11632/dance-dev/sweeps/zhn82e0h,https://wandb.ai/xzy11632/dance-dev/sweeps/tiwa80q4","- type: filter.gene
  target: FilterGenesScanpyOrder
  params:
    order:
    - min_counts
    - min_cells
    - max_counts
    - max_cells
    min_counts: 0.01
    max_counts: 0.99
    min_cells: 0.01
    max_cells: 0.99
- type: normalize
  target: Log1P
  params: {}
- type: filter.gene
  target: FilterGenesTopK
  params:
    num_genes: 3000
- type: feature.cell
  params:
    out: feature.cell
    log_level: INFO
    split_name: train
  target: WeightedFeaturePCA
- type: misc
  target: SetConfig
  params:
    config_dict:
      feature_channel: feature.cell
      label_channel: cell_type
",0.365000009536743,all_total_runs:168|all_finished_runs:134|step2_total_runs:108|step2_finished_runs:78|step3_0_total_runs:20|step3_0_finished_runs:17|step3_1_total_runs:20|step3_1_finished_runs:19|step3_2_total_runs:20|step3_2_finished_runs:20|finished_rate:79.76%,False,"- type: filter.gene
  target: FilterGenesScanpyOrder
  params:
    order:
    - min_counts
    - min_cells
    - max_counts
    - max_cells
    min_counts: 0.01
    max_counts: 0.99
    min_cells: 0.01
    max_cells: 0.99
- type: normalize
  target: Log1P
  params: {}
- type: filter.gene
  target: FilterGenesTopK
  params:
    num_genes: 3000
- type: feature.cell
  params:
    out: feature.cell
    log_level: INFO
    split_name: train
  target: WeightedFeaturePCA
- type: misc
  target: SetConfig
  params:
    config_dict:
      feature_channel: feature.cell
      label_channel: cell_type
",0.365000009536743,"step2:https://wandb.ai/xzy11632/dance-dev/sweeps/0uas297m|step3:https://wandb.ai/xzy11632/dance-dev/sweeps/dkxsef4x,https://wandb.ai/xzy11632/dance-dev/sweeps/8z3cro0t,https://wandb.ai/xzy11632/dance-dev/sweeps/bo10gdd5","- type: filter.gene
  target: FilterGenesPlaceHolder
- type: normalize
  target: NormalizePlaceHolder
- type: filter.gene
  target: FilterGenesTopK
  params:
    num_genes: 2248
    top: true
    mode: var
- type: feature.cell
  target: GaussRandProjFeature
  params:
    out: feature.cell
    log_level: INFO
    n_components: 175
- type: misc
  target: SetConfig
  params:
    config_dict:
      feature_channel: feature.cell
      label_channel: cell_type
",0.34850001335144,all_total_runs:133|all_finished_runs:130|step2_total_runs:90|step2_finished_runs:90|step3_0_total_runs:20|step3_0_finished_runs:20|step3_1_total_runs:20|step3_1_finished_runs:20|step3_2_total_runs:3|step3_2_finished_runs:0|finished_rate:97.74%,0.0,"- type: filter.gene
  target: FilterGenesPlaceHolder
  params: {}
- type: normalize
  target: NormalizeTotal
  params: {}
- type: filter.gene
  target: FilterGenesTopK
  params:
    num_genes: 3000
- type: feature.cell
  params:
    out: feature.cell
    log_level: INFO
  target: GaussRandProjFeature
- type: misc
  target: SetConfig
  params:
    config_dict:
      feature_channel: feature.cell
      label_channel: cell_type
",0.333499997854233,"step2:https://wandb.ai/xzy11632/dance-dev/sweeps/ehlgg61v|step3:https://wandb.ai/xzy11632/dance-dev/sweeps/hziptrnf,https://wandb.ai/xzy11632/dance-dev/sweeps/p8l946z8,https://wandb.ai/xzy11632/dance-dev/sweeps/5y745lwb","- type: filter.gene
  target: FilterGenesPlaceHolder
  params: {}
- type: normalize
  target: NormalizeTotalLog1P
  params: {}
- type: filter.gene
  target: HighlyVariableGenesRawCount
  params:
    n_top_genes: 3000
- type: feature.cell
  params:
    out: feature.cell
    log_level: INFO
    split_name: train
  target: WeightedFeaturePCA
- type: graph.cell
  target: CellFeatureGraph
  params:
    cell_feature_channel: feature.cell
- type: misc
  target: SetConfig
  params:
    config_dict:
      label_channel: cell_type
",0.361000001430511,all_total_runs:62|all_finished_runs:50|step2_total_runs:30|step2_finished_runs:29|step3_0_total_runs:20|step3_0_finished_runs:19|step3_1_total_runs:9|step3_1_finished_runs:2|step3_2_total_runs:3|step3_2_finished_runs:0|finished_rate:80.65%,False,"- type: filter.gene
  target: FilterGenesPlaceHolder
  params: {}
- type: normalize
  target: NormalizeTotalLog1P
  params: {}
- type: filter.gene
  target: HighlyVariableGenesRawCount
  params:
    n_top_genes: 3000
- type: feature.cell
  params:
    out: feature.cell
    log_level: INFO
    split_name: train
  target: WeightedFeaturePCA
- type: graph.cell
  target: CellFeatureGraph
  params:
    cell_feature_channel: feature.cell
- type: misc
  target: SetConfig
  params:
    config_dict:
      label_channel: cell_type
",0.361000001430511,"step2:https://wandb.ai/xzy11632/dance-dev/sweeps/gbq9fg39|step3:https://wandb.ai/xzy11632/dance-dev/sweeps/3kn9hwp2,https://wandb.ai/xzy11632/dance-dev/sweeps/qrmo20rk,https://wandb.ai/xzy11632/dance-dev/sweeps/ts79js8s","- type: filter.gene
  target: FilterGenesPercentile
  params:
    min_val: 5
    max_val: 96
    mode: rv
- type: normalize
  target: NormalizeTotalLog1P
  params:
    base: 4.377659235179898
    target_sum: 1000
    max_fraction: 0.01
- type: filter.gene
  target: HighlyVariableGenesRawCount
  params:
    n_top_genes: 2037
    span: 0.18003668281645405
- type: feature.cell
  target: SCNFeature
- type: misc
  target: SetConfig
  params:
    config_dict:
      feature_channel: SCNFeature
      label_channel: cell_type
",0.344,all_total_runs:78|all_finished_runs:54|step2_total_runs:18|step2_finished_runs:16|step3_0_total_runs:20|step3_0_finished_runs:0|step3_1_total_runs:20|step3_1_finished_runs:20|step3_2_total_runs:20|step3_2_finished_runs:18|finished_rate:69.23%,False,"- type: filter.gene
  target: FilterGenesPlaceHolder
  params: {}
- type: normalize
  target: NormalizeTotalLog1P
  params: {}
- type: filter.gene
  target: HighlyVariableGenesRawCount
  params:
    n_top_genes: 3000
- type: feature.cell
  target: SCNFeature
- type: misc
  target: SetConfig
  params:
    config_dict:
      feature_channel: SCNFeature
      label_channel: cell_type
",0.341,human,Lung,10000,train,train_human_Lung1e5bd3b8-6a0e-4959-8d69-cafed30fe814_data.h5ad,https://www.dropbox.com/scl/fi/w2r13kqrkzdxecvhizm0i/human_Lung1e5bd3b8-6a0e-4959-8d69-cafed30fe814_data.h5ad?rlkey=6s4wbv2ii1d8ged5l8s8lwt6l&dl=1,1e5bd3b8-6a0e-4959-8d69-cafed30fe814
4ed927e9-c099-49af-b8ce-a2652d069333_Lung,4.0,10000.0,15648.0,14.0,9645334.0,35284.0,"['B cell', 'T cell', 'alveolar macrophage', 'bronchial epithelial cell', 'contractile cell', 'elicited macrophage', 'endothelial cell of lymphatic vessel', 'endothelial cell of vascular tree', 'epithelial cell of alveolus of lung', 'fibroblast', 'macrophage', 'mast cell', 'mature NK T cell', 'respiratory basal cell']",['normal'],Lung,10000.0,"['B cell', 'T cell', 'alveolar macrophage', 'bronchial epithelial cell', 'contractile cell', 'elicited macrophage', 'endothelial cell of lymphatic vessel', 'endothelial cell of vascular tree', 'epithelial cell of alveolus of lung', 'fibroblast', 'macrophage', 'mast cell', 'mature NK T cell', 'respiratory basal cell']",['normal'],"[""10x 3' v2""]","[""10x 3' v2""]",4ed927e9-c099-49af-b8ce-a2652d069333,0.0,"step2:https://wandb.ai/xzy11632/dance-dev/sweeps/qpy37w3n|step3:https://wandb.ai/xzy11632/dance-dev/sweeps/tjgq04zr,https://wandb.ai/xzy11632/dance-dev/sweeps/fkql1673,https://wandb.ai/xzy11632/dance-dev/sweeps/ntr0reu4","- type: filter.gene
  target: FilterGenesScanpyOrder
  params:
    order:
    - min_counts
    - min_cells
    - max_counts
    - max_cells
    min_counts: 0.01
    max_counts: 0.99
    min_cells: 0.01
    max_cells: 0.99
- type: normalize
  target: NormalizeTotal
  params: {}
- type: filter.gene
  target: FilterGenesRegression
  params:
    num_genes: 3000
- type: feature.cell
  params:
    out: feature.cell
    log_level: INFO
    split_name: train
  target: WeightedFeatureSVD
- type: misc
  target: SetConfig
  params:
    config_dict:
      feature_channel: feature.cell
      label_channel: cell_type
",0.657000005245209,all_total_runs:168|all_finished_runs:164|step2_total_runs:108|step2_finished_runs:105|step3_0_total_runs:20|step3_0_finished_runs:19|step3_1_total_runs:20|step3_1_finished_runs:20|step3_2_total_runs:20|step3_2_finished_runs:20|finished_rate:97.62%,False,"- type: filter.gene
  target: FilterGenesScanpyOrder
  params:
    order:
    - min_counts
    - min_cells
    - max_counts
    - max_cells
    min_counts: 0.01
    max_counts: 0.99
    min_cells: 0.01
    max_cells: 0.99
- type: normalize
  target: NormalizeTotal
  params: {}
- type: filter.gene
  target: FilterGenesRegression
  params:
    num_genes: 3000
- type: feature.cell
  params:
    out: feature.cell
    log_level: INFO
    split_name: train
  target: WeightedFeatureSVD
- type: misc
  target: SetConfig
  params:
    config_dict:
      feature_channel: feature.cell
      label_channel: cell_type
",0.657000005245209,"step2:https://wandb.ai/xzy11632/dance-dev/sweeps/xlqtlhaa|step3:https://wandb.ai/xzy11632/dance-dev/sweeps/xysy96js,https://wandb.ai/xzy11632/dance-dev/sweeps/g0mwxpmr,https://wandb.ai/xzy11632/dance-dev/sweeps/qmqmjyxl","- type: filter.gene
  target: FilterGenesScanpyOrder
  params:
    order:
    - min_counts
    - min_cells
    - max_counts
    - max_cells
    min_counts: 0.01
    max_counts: 0.99
    min_cells: 0.01
    max_cells: 0.99
- type: normalize
  target: ScTransform
  params:
    processes_num: 8
- type: filter.gene
  target: FilterGenesRegression
  params:
    num_genes: 3000
- type: feature.cell
  params:
    out: feature.cell
    log_level: INFO
    split_name: train
  target: WeightedFeaturePCA
- type: misc
  target: SetConfig
  params:
    config_dict:
      feature_channel: feature.cell
      label_channel: cell_type
",0.597500026226044,all_total_runs:133|all_finished_runs:77|step2_total_runs:90|step2_finished_runs:76|step3_0_total_runs:20|step3_0_finished_runs:1|step3_1_total_runs:3|step3_1_finished_runs:0|step3_2_total_runs:20|step3_2_finished_runs:0|finished_rate:57.89%,1.0,"- type: filter.gene
  target: FilterGenesScanpyOrder
  params:
    order:
    - min_counts
    - min_cells
    - max_counts
    - max_cells
    min_counts: 0.01
    max_counts: 0.99
    min_cells: 0.01
    max_cells: 0.99
- type: normalize
  target: ScTransform
  params:
    processes_num: 8
- type: filter.gene
  target: FilterGenesRegression
  params:
    num_genes: 3000
- type: feature.cell
  params:
    out: feature.cell
    log_level: INFO
    split_name: train
  target: WeightedFeaturePCA
- type: misc
  target: SetConfig
  params:
    config_dict:
      feature_channel: feature.cell
      label_channel: cell_type
",0.597500026226044,"step2:https://wandb.ai/xzy11632/dance-dev/sweeps/74gl9wff|step3:https://wandb.ai/xzy11632/dance-dev/sweeps/x8dwmi7s,https://wandb.ai/xzy11632/dance-dev/sweeps/1voo1dg4,https://wandb.ai/xzy11632/dance-dev/sweeps/ootuilg9","- type: filter.gene
  target: FilterGenesScanpyOrder
  params:
    order:
    - max_counts
    - min_counts
    - max_cells
    - min_cells
    min_counts: 109
    min_cells: 0.05849243502420202
    max_counts: 0.9542040825243228
    max_cells: 0.9779461212728982
- type: normalize
  target: Log1P
  params:
    base: 8.447274426751733
- type: filter.gene
  target: FilterGenesTopK
  params:
    num_genes: 3180
    top: true
    mode: cv
- type: feature.cell
  target: WeightedFeatureSVD
  params:
    out: feature.cell
    log_level: INFO
    n_components: 149
    feat_norm_mode: standardize
- type: graph.cell
  target: CellFeatureGraph
  params:
    cell_feature_channel: feature.cell
- type: misc
  target: SetConfig
  params:
    config_dict:
      label_channel: cell_type
",0.617999970912933,all_total_runs:90|all_finished_runs:79|step2_total_runs:30|step2_finished_runs:28|step3_0_total_runs:20|step3_0_finished_runs:12|step3_1_total_runs:20|step3_1_finished_runs:20|step3_2_total_runs:20|step3_2_finished_runs:19|finished_rate:87.78%,False,"- type: filter.gene
  target: FilterGenesScanpyOrder
  params:
    order:
    - min_counts
    - min_cells
    - max_counts
    - max_cells
    min_counts: 0.01
    max_counts: 0.99
    min_cells: 0.01
    max_cells: 0.99
- type: normalize
  target: ScaleFeature
  params: {}
- type: filter.gene
  target: HighlyVariableGenesRawCount
  params:
    n_top_genes: 3000
- type: feature.cell
  params:
    out: feature.cell
    log_level: INFO
    split_name: train
  target: WeightedFeatureSVD
- type: graph.cell
  target: CellFeatureGraph
  params:
    cell_feature_channel: feature.cell
- type: misc
  target: SetConfig
  params:
    config_dict:
      label_channel: cell_type
",0.616999983787537,"step2:https://wandb.ai/xzy11632/dance-dev/sweeps/wqranibt|step3:https://wandb.ai/xzy11632/dance-dev/sweeps/pis86ujh,https://wandb.ai/xzy11632/dance-dev/sweeps/e6a0roj7,https://wandb.ai/xzy11632/dance-dev/sweeps/r5ltqsgi","- type: filter.gene
  target: FilterGenesScanpyOrder
  params:
    order:
    - min_counts
    - min_cells
    - max_counts
    - max_cells
    min_counts: 0.01
    max_counts: 0.99
    min_cells: 0.01
    max_cells: 0.99
- type: normalize
  target: Log1P
  params: {}
- type: filter.gene
  target: FilterGenesNumberPlaceHolder
  params: {}
- type: feature.cell
  target: SCNFeature
- type: misc
  target: SetConfig
  params:
    config_dict:
      feature_channel: SCNFeature
      label_channel: cell_type
",0.6425,all_total_runs:78|all_finished_runs:74|step2_total_runs:18|step2_finished_runs:15|step3_0_total_runs:20|step3_0_finished_runs:20|step3_1_total_runs:20|step3_1_finished_runs:20|step3_2_total_runs:20|step3_2_finished_runs:19|finished_rate:94.87%,False,"- type: filter.gene
  target: FilterGenesScanpyOrder
  params:
    order:
    - min_counts
    - min_cells
    - max_counts
    - max_cells
    min_counts: 0.01
    max_counts: 0.99
    min_cells: 0.01
    max_cells: 0.99
- type: normalize
  target: Log1P
  params: {}
- type: filter.gene
  target: FilterGenesNumberPlaceHolder
  params: {}
- type: feature.cell
  target: SCNFeature
- type: misc
  target: SetConfig
  params:
    config_dict:
      feature_channel: SCNFeature
      label_channel: cell_type
",0.6425,human,Lung,10000,train,train_human_Lung4ed927e9-c099-49af-b8ce-a2652d069333(Lung)_data.h5ad,https://www.dropbox.com/scl/fi/ubcw0cyn5uvaq034ysgxl/human_Lung4ed927e9-c099-49af-b8ce-a2652d069333-Lung-_data.h5ad?rlkey=m57pb8bx4936fnao2yyljqdgz&st=hz86nc4q&dl=1,4ed927e9-c099-49af-b8ce-a2652d069333
01209dce-3575-4bed-b1df-129f57fbc031_Lung,5.0,10000.0,7980.0,6.0,10264583.0,11059.0,"['CD4-positive, alpha-beta T cell', 'CD4-positive, alpha-beta thymocyte', 'CD8-positive, alpha-beta T cell', 'CD8-positive, alpha-beta thymocyte', 'immature alpha-beta T cell', 'mature alpha-beta T cell']",['normal'],Lung,10000.0,"['CD4-positive, alpha-beta T cell', 'CD4-positive, alpha-beta thymocyte', 'CD8-positive, alpha-beta T cell', 'CD8-positive, alpha-beta thymocyte', 'immature alpha-beta T cell', 'mature alpha-beta T cell']",['normal'],"[""10x 3' v2""]","[""10x 3' v2""]",01209dce-3575-4bed-b1df-129f57fbc031,0.0,"step2:https://wandb.ai/xzy11632/dance-dev/sweeps/gamk7lp4|step3:https://wandb.ai/xzy11632/dance-dev/sweeps/bzrva319,https://wandb.ai/xzy11632/dance-dev/sweeps/pf56tai6,https://wandb.ai/xzy11632/dance-dev/sweeps/ohwmxfgr","- type: filter.gene
  target: FilterGenesScanpyOrder
  params:
    order:
    - min_counts
    - min_cells
    - max_counts
    - max_cells
    min_counts: 0.01
    max_counts: 0.99
    min_cells: 0.01
    max_cells: 0.99
- type: normalize
  target: Log1P
  params: {}
- type: filter.gene
  target: FilterGenesTopK
  params:
    num_genes: 3000
- type: feature.cell
  params:
    out: feature.cell
    log_level: INFO
    split_name: train
  target: WeightedFeatureSVD
- type: misc
  target: SetConfig
  params:
    config_dict:
      feature_channel: feature.cell
      label_channel: cell_type
",0.301999986171722,all_total_runs:168|all_finished_runs:141|step2_total_runs:108|step2_finished_runs:86|step3_0_total_runs:20|step3_0_finished_runs:17|step3_1_total_runs:20|step3_1_finished_runs:18|step3_2_total_runs:20|step3_2_finished_runs:20|finished_rate:83.93%,False,"- type: filter.gene
  target: FilterGenesScanpyOrder
  params:
    order:
    - min_counts
    - min_cells
    - max_counts
    - max_cells
    min_counts: 0.01
    max_counts: 0.99
    min_cells: 0.01
    max_cells: 0.99
- type: normalize
  target: Log1P
  params: {}
- type: filter.gene
  target: FilterGenesTopK
  params:
    num_genes: 3000
- type: feature.cell
  params:
    out: feature.cell
    log_level: INFO
    split_name: train
  target: WeightedFeatureSVD
- type: misc
  target: SetConfig
  params:
    config_dict:
      feature_channel: feature.cell
      label_channel: cell_type
",0.301999986171722,"step2:https://wandb.ai/xzy11632/dance-dev/sweeps/ruhq9m7j|step3:https://wandb.ai/xzy11632/dance-dev/sweeps/duz3vr68,https://wandb.ai/xzy11632/dance-dev/sweeps/o0eqjlb6,https://wandb.ai/xzy11632/dance-dev/sweeps/19trllut","- type: filter.gene
  target: FilterGenesPercentile
  params: {}
- type: normalize
  target: NormalizePlaceHolder
  params: {}
- type: filter.gene
  target: FilterGenesRegression
  params:
    num_genes: 3000
- type: feature.cell
  params:
    out: feature.cell
    log_level: INFO
  target: GaussRandProjFeature
- type: misc
  target: SetConfig
  params:
    config_dict:
      feature_channel: feature.cell
      label_channel: cell_type
",0.283499985933304,all_total_runs:150|all_finished_runs:149|step2_total_runs:90|step2_finished_runs:90|step3_0_total_runs:20|step3_0_finished_runs:20|step3_1_total_runs:20|step3_1_finished_runs:19|step3_2_total_runs:20|step3_2_finished_runs:20|finished_rate:99.33%,0.0,"- type: filter.gene
  target: FilterGenesPercentile
  params: {}
- type: normalize
  target: NormalizePlaceHolder
  params: {}
- type: filter.gene
  target: FilterGenesRegression
  params:
    num_genes: 3000
- type: feature.cell
  params:
    out: feature.cell
    log_level: INFO
  target: GaussRandProjFeature
- type: misc
  target: SetConfig
  params:
    config_dict:
      feature_channel: feature.cell
      label_channel: cell_type
",0.283499985933304,"step2:https://wandb.ai/xzy11632/dance-dev/sweeps/us1at1kw|step3:https://wandb.ai/xzy11632/dance-dev/sweeps/hqecnrvz,https://wandb.ai/xzy11632/dance-dev/sweeps/z3rfxe8z,https://wandb.ai/xzy11632/dance-dev/sweeps/i4r7na1j","- type: filter.gene
  target: FilterGenesScanpyOrder
  params:
    order:
    - min_cells
    - max_cells
    - max_counts
    - min_counts
    min_counts: 133
    min_cells: 0.05125827053843129
    max_counts: 0.910156543481307
    max_cells: 0.9743598432349536
- type: normalize
  target: Log1P
  params:
    base: 6.6766268258494055
- type: filter.gene
  target: FilterGenesTopK
  params:
    num_genes: 8821
    top: true
    mode: var
- type: feature.cell
  target: WeightedFeatureSVD
  params:
    out: feature.cell
    log_level: INFO
    n_components: 151
    feat_norm_mode: l2
- type: graph.cell
  target: CellFeatureGraph
  params:
    cell_feature_channel: feature.cell
- type: misc
  target: SetConfig
  params:
    config_dict:
      label_channel: cell_type
",0.309500008821487,all_total_runs:90|all_finished_runs:89|step2_total_runs:30|step2_finished_runs:30|step3_0_total_runs:20|step3_0_finished_runs:20|step3_1_total_runs:20|step3_1_finished_runs:20|step3_2_total_runs:20|step3_2_finished_runs:19|finished_rate:98.89%,False,"- type: filter.gene
  target: FilterGenesPlaceHolder
  params: {}
- type: normalize
  target: NormalizePlaceHolder
  params: {}
- type: filter.gene
  target: FilterGenesRegression
  params:
    num_genes: 3000
- type: feature.cell
  params:
    out: feature.cell
    log_level: INFO
    split_name: train
  target: WeightedFeatureSVD
- type: graph.cell
  target: CellFeatureGraph
  params:
    cell_feature_channel: feature.cell
- type: misc
  target: SetConfig
  params:
    config_dict:
      label_channel: cell_type
",0.304500013589859,"step2:https://wandb.ai/xzy11632/dance-dev/sweeps/01dugzxo|step3:https://wandb.ai/xzy11632/dance-dev/sweeps/i5d0ocma,https://wandb.ai/xzy11632/dance-dev/sweeps/q60iaw4l,https://wandb.ai/xzy11632/dance-dev/sweeps/y8pa9fcx","- type: filter.gene
  target: FilterGenesScanpyOrder
  params:
    order:
    - max_cells
    - min_cells
    - max_counts
    - min_counts
    min_counts: 196
    min_cells: 0.04255599056380127
    max_counts: 0.9401674899327828
    max_cells: 0.9738843851717564
- type: normalize
  target: NormalizeTotalLog1P
  params:
    base: 9.105850013017482
    target_sum: 10000
    max_fraction: 0.01
- type: filter.gene
  target: HighlyVariableGenesLogarithmizedByMeanAndDisp
  params:
    min_disp: 0.07514863494881077
    max_disp: 68.9399447769551
    min_mean: 0.01146671480110855
    max_mean: 6.329390004515008
    n_bins: 20
    flavor: seurat
- type: feature.cell
  target: SCNFeature
- type: misc
  target: SetConfig
  params:
    config_dict:
      feature_channel: SCNFeature
      label_channel: cell_type
",0.294,all_total_runs:78|all_finished_runs:56|step2_total_runs:18|step2_finished_runs:18|step3_0_total_runs:20|step3_0_finished_runs:17|step3_1_total_runs:20|step3_1_finished_runs:19|step3_2_total_runs:20|step3_2_finished_runs:2|finished_rate:71.79%,False,"- type: filter.gene
  target: FilterGenesScanpyOrder
  params:
    order:
    - min_counts
    - min_cells
    - max_counts
    - max_cells
    min_counts: 0.01
    max_counts: 0.99
    min_cells: 0.01
    max_cells: 0.99
- type: normalize
  target: NormalizeTotalLog1P
  params: {}
- type: filter.gene
  target: HighlyVariableGenesLogarithmizedByTopGenes
  params:
    n_top_genes: 3000
- type: feature.cell
  target: SCNFeature
- type: misc
  target: SetConfig
  params:
    config_dict:
      feature_channel: SCNFeature
      label_channel: cell_type
",0.2845,human,Lung,10000,train,train_human_Lung01209dce-3575-4bed-b1df-129f57fbc031(Lung)_data.h5ad,https://www.dropbox.com/scl/fi/0vqe7wmb0afoubwnb5srb/human_Lung01209dce-3575-4bed-b1df-129f57fbc031-Lung-_data.h5ad?rlkey=7necb5o9afgpnppsj74tga5y2&st=1a1tjz2c&dl=1,01209dce-3575-4bed-b1df-129f57fbc031
c5d88abe-f23a-45fa-a534-788985e93dad_Lung,6.0,10000.0,17661.0,15.0,29904789.0,17758.0,"['B cell', 'CD4-positive, alpha-beta T cell', 'CD8-positive, alpha-beta T cell', 'basophil', 'classical monocyte', 'dendritic cell', 'effector CD4-positive, alpha-beta T cell', 'effector CD8-positive, alpha-beta T cell', 'intermediate monocyte', 'macrophage', 'mature NK T cell', 'neutrophil', 'non-classical monocyte', 'plasma cell', 'plasmacytoid dendritic cell']",['normal'],Lung,10000.0,"['B cell', 'CD4-positive, alpha-beta T cell', 'CD8-positive, alpha-beta T cell', 'basophil', 'classical monocyte', 'dendritic cell', 'effector CD4-positive, alpha-beta T cell', 'effector CD8-positive, alpha-beta T cell', 'intermediate monocyte', 'macrophage', 'mature NK T cell', 'neutrophil', 'non-classical monocyte', 'plasma cell', 'plasmacytoid dendritic cell']",['normal'],"[""10x 3' v3"", 'Smart-seq2']","[""10x 3' v3"", 'Smart-seq2']",c5d88abe-f23a-45fa-a534-788985e93dad,0.0,"step2:https://wandb.ai/xzy11632/dance-dev/sweeps/mrbicgye|step3:https://wandb.ai/xzy11632/dance-dev/sweeps/hc1vvus4,https://wandb.ai/xzy11632/dance-dev/sweeps/xmqo1a1m,https://wandb.ai/xzy11632/dance-dev/sweeps/rdwve2iq","- type: filter.gene
  target: FilterGenesScanpyOrder
  params:
    order:
    - min_counts
    - min_cells
    - max_counts
    - max_cells
    min_counts: 0.01
    max_counts: 0.99
    min_cells: 0.01
    max_cells: 0.99
- type: normalize
  target: ScTransform
  params:
    processes_num: 8
- type: filter.gene
  target: HighlyVariableGenesLogarithmizedByTopGenes
  params:
    n_top_genes: 3000
- type: feature.cell
  params:
    out: feature.cell
    log_level: INFO
    split_name: train
  target: WeightedFeatureSVD
- type: misc
  target: SetConfig
  params:
    config_dict:
      feature_channel: feature.cell
      label_channel: cell_type
",0.703000009059906,all_total_runs:120|all_finished_runs:108|step2_total_runs:108|step2_finished_runs:108|step3_0_total_runs:6|step3_0_finished_runs:0|step3_1_total_runs:3|step3_1_finished_runs:0|step3_2_total_runs:3|step3_2_finished_runs:0|finished_rate:90.00%,False,"- type: filter.gene
  target: FilterGenesScanpyOrder
  params:
    order:
    - min_counts
    - min_cells
    - max_counts
    - max_cells
    min_counts: 0.01
    max_counts: 0.99
    min_cells: 0.01
    max_cells: 0.99
- type: normalize
  target: ScTransform
  params:
    processes_num: 8
- type: filter.gene
  target: HighlyVariableGenesLogarithmizedByTopGenes
  params:
    n_top_genes: 3000
- type: feature.cell
  params:
    out: feature.cell
    log_level: INFO
    split_name: train
  target: WeightedFeatureSVD
- type: misc
  target: SetConfig
  params:
    config_dict:
      feature_channel: feature.cell
      label_channel: cell_type
",0.703000009059906,"step2:https://wandb.ai/xzy11632/dance-dev/sweeps/ofy2vpdl|step3:https://wandb.ai/xzy11632/dance-dev/sweeps/nvernly0,https://wandb.ai/xzy11632/dance-dev/sweeps/pt39tbd6,https://wandb.ai/xzy11632/dance-dev/sweeps/f3ikqx48","- type: filter.gene
  target: FilterGenesPercentile
  params: {}
- type: normalize
  target: NormalizePlaceHolder
  params: {}
- type: filter.gene
  target: HighlyVariableGenesRawCount
  params:
    n_top_genes: 3000
- type: feature.cell
  params:
    out: feature.cell
    log_level: INFO
  target: GaussRandProjFeature
- type: misc
  target: SetConfig
  params:
    config_dict:
      feature_channel: feature.cell
      label_channel: cell_type
",0.67849999666214,all_total_runs:150|all_finished_runs:141|step2_total_runs:90|step2_finished_runs:83|step3_0_total_runs:20|step3_0_finished_runs:20|step3_1_total_runs:20|step3_1_finished_runs:20|step3_2_total_runs:20|step3_2_finished_runs:18|finished_rate:94.00%,0.0,"- type: filter.gene
  target: FilterGenesPercentile
  params: {}
- type: normalize
  target: NormalizePlaceHolder
  params: {}
- type: filter.gene
  target: HighlyVariableGenesRawCount
  params:
    n_top_genes: 3000
- type: feature.cell
  params:
    out: feature.cell
    log_level: INFO
  target: GaussRandProjFeature
- type: misc
  target: SetConfig
  params:
    config_dict:
      feature_channel: feature.cell
      label_channel: cell_type
",0.67849999666214,step2:https://wandb.ai/xzy11632/dance-dev/sweeps/ycgsoifo|step3:https://wandb.ai/xzy11632/dance-dev/sweeps/i7h498bc,"- type: filter.gene
  target: FilterGenesScanpyOrder
  params:
    order:
    - min_counts
    - min_cells
    - max_counts
    - max_cells
    min_counts: 0.01
    max_counts: 0.99
    min_cells: 0.01
    max_cells: 0.99
- type: normalize
  target: ScaleFeature
  params: {}
- type: filter.gene
  target: HighlyVariableGenesRawCount
  params:
    n_top_genes: 3000
- type: feature.cell
  params:
    out: feature.cell
    log_level: INFO
    split_name: train
  target: WeightedFeatureSVD
- type: graph.cell
  target: CellFeatureGraph
  params:
    cell_feature_channel: feature.cell
- type: misc
  target: SetConfig
  params:
    config_dict:
      label_channel: cell_type
",0.680000007152557,all_total_runs:50|all_finished_runs:44|step2_total_runs:30|step2_finished_runs:24|step3_0_total_runs:20|step3_0_finished_runs:20|finished_rate:88.00%,False,"- type: filter.gene
  target: FilterGenesScanpyOrder
  params:
    order:
    - min_counts
    - min_cells
    - max_counts
    - max_cells
    min_counts: 0.01
    max_counts: 0.99
    min_cells: 0.01
    max_cells: 0.99
- type: normalize
  target: ScaleFeature
  params: {}
- type: filter.gene
  target: HighlyVariableGenesRawCount
  params:
    n_top_genes: 3000
- type: feature.cell
  params:
    out: feature.cell
    log_level: INFO
    split_name: train
  target: WeightedFeatureSVD
- type: graph.cell
  target: CellFeatureGraph
  params:
    cell_feature_channel: feature.cell
- type: misc
  target: SetConfig
  params:
    config_dict:
      label_channel: cell_type
",0.680000007152557,"step2:https://wandb.ai/xzy11632/dance-dev/sweeps/kix1f5mm|step3:https://wandb.ai/xzy11632/dance-dev/sweeps/xp2a2u8j,https://wandb.ai/xzy11632/dance-dev/sweeps/toq9u9bl,https://wandb.ai/xzy11632/dance-dev/sweeps/o6q81j6t","- type: filter.gene
  target: FilterGenesPlaceHolder
  params: {}
- type: normalize
  target: ScTransform
  params:
    processes_num: 8
- type: filter.gene
  target: FilterGenesRegression
  params:
    num_genes: 3000
- type: feature.cell
  target: SCNFeature
- type: misc
  target: SetConfig
  params:
    config_dict:
      feature_channel: SCNFeature
      label_channel: cell_type
",0.6965,all_total_runs:78|all_finished_runs:58|step2_total_runs:18|step2_finished_runs:18|step3_0_total_runs:20|step3_0_finished_runs:20|step3_1_total_runs:20|step3_1_finished_runs:1|step3_2_total_runs:20|step3_2_finished_runs:19|finished_rate:74.36%,False,"- type: filter.gene
  target: FilterGenesPlaceHolder
  params: {}
- type: normalize
  target: ScTransform
  params:
    processes_num: 8
- type: filter.gene
  target: FilterGenesRegression
  params:
    num_genes: 3000
- type: feature.cell
  target: SCNFeature
- type: misc
  target: SetConfig
  params:
    config_dict:
      feature_channel: SCNFeature
      label_channel: cell_type
",0.6965,human,Lung,10000,train,train_human_Lungc5d88abe-f23a-45fa-a534-788985e93dad(Lung)_data.h5ad,https://www.dropbox.com/scl/fi/sbe6h2v5dijlu36qd6nyw/human_Lungc5d88abe-f23a-45fa-a534-788985e93dad-Lung-_data.h5ad?rlkey=gunxweprd7r8e0xlk9mo2kkv3&st=yn1er34y&dl=1,c5d88abe-f23a-45fa-a534-788985e93dad
9968be68-ab65-4a38-9e1a-c9b6abece194_Lung,7.0,10000.0,14948.0,18.0,18479339.0,47909.0,"['B cell', 'basal cell', 'chondrocyte', 'ciliated epithelial cell', 'endothelial cell', 'enteroendocrine cell', 'epithelial cell', 'epithelial cell of lung', 'erythroblast', 'glial cell', 'hepatocyte', 'intestinal epithelial cell', 'intestine goblet cell', 'mature NK T cell', 'mesenchymal cell', 'mesothelial cell', 'myeloid leukocyte', 'pericyte', 'peripheral nervous system neuron', 'unknown']",['normal'],Lung,10000.0,"['B cell', 'basal cell', 'chondrocyte', 'ciliated epithelial cell', 'endothelial cell', 'enteroendocrine cell', 'epithelial cell', 'epithelial cell of lung', 'erythroblast', 'glial cell', 'intestinal epithelial cell', 'mature NK T cell', 'mesenchymal cell', 'mesothelial cell', 'myeloid leukocyte', 'pericyte', 'peripheral nervous system neuron', 'unknown']",['normal'],"[""10x 3' v2""]","[""10x 3' v2""]",9968be68-ab65-4a38-9e1a-c9b6abece194,0.0,"step2:https://wandb.ai/xzy11632/dance-dev/sweeps/xcx1qae1|step3:https://wandb.ai/xzy11632/dance-dev/sweeps/s7o2ogpj,https://wandb.ai/xzy11632/dance-dev/sweeps/ym530ypc,https://wandb.ai/xzy11632/dance-dev/sweeps/ltnu0ryj","- type: filter.gene
  target: FilterGenesPlaceHolder
  params: {}
- type: normalize
  target: NormalizeTotalLog1P
  params: {}
- type: filter.gene
  target: FilterGenesTopK
  params:
    num_genes: 3000
- type: feature.cell
  params:
    out: feature.cell
    log_level: INFO
  target: CellSVD
- type: misc
  target: SetConfig
  params:
    config_dict:
      feature_channel: feature.cell
      label_channel: cell_type
",0.676500022411346,all_total_runs:151|all_finished_runs:125|step2_total_runs:108|step2_finished_runs:108|step3_0_total_runs:6|step3_0_finished_runs:0|step3_1_total_runs:17|step3_1_finished_runs:17|step3_2_total_runs:20|step3_2_finished_runs:0|finished_rate:82.78%,False,"- type: filter.gene
  target: FilterGenesPlaceHolder
  params: {}
- type: normalize
  target: NormalizeTotalLog1P
  params: {}
- type: filter.gene
  target: FilterGenesTopK
  params:
    num_genes: 3000
- type: feature.cell
  params:
    out: feature.cell
    log_level: INFO
  target: CellSVD
- type: misc
  target: SetConfig
  params:
    config_dict:
      feature_channel: feature.cell
      label_channel: cell_type
",0.676500022411346,"step2:https://wandb.ai/xzy11632/dance-dev/sweeps/epxqd9ky|step3:https://wandb.ai/xzy11632/dance-dev/sweeps/j3r6qzwh,https://wandb.ai/xzy11632/dance-dev/sweeps/xzoq8eud,https://wandb.ai/xzy11632/dance-dev/sweeps/hltl8i59","- type: filter.gene
  target: FilterGenesScanpyOrder
  params:
    order:
    - min_counts
    - min_cells
    - max_counts
    - max_cells
    min_counts: 0.01
    max_counts: 0.99
    min_cells: 0.01
    max_cells: 0.99
- type: normalize
  target: ScTransform
  params:
    processes_num: 8
- type: filter.gene
  target: HighlyVariableGenesLogarithmizedByTopGenes
  params:
    n_top_genes: 3000
- type: feature.cell
  params:
    out: feature.cell
    log_level: INFO
    split_name: train
  target: WeightedFeatureSVD
- type: misc
  target: SetConfig
  params:
    config_dict:
      feature_channel: feature.cell
      label_channel: cell_type
",0.657000005245209,all_total_runs:116|all_finished_runs:76|step2_total_runs:90|step2_finished_runs:75|step3_0_total_runs:20|step3_0_finished_runs:1|step3_1_total_runs:3|step3_1_finished_runs:0|step3_2_total_runs:3|step3_2_finished_runs:0|finished_rate:65.52%,0.0,"- type: filter.gene
  target: FilterGenesScanpyOrder
  params:
    order:
    - min_counts
    - min_cells
    - max_counts
    - max_cells
    min_counts: 0.01
    max_counts: 0.99
    min_cells: 0.01
    max_cells: 0.99
- type: normalize
  target: ScTransform
  params:
    processes_num: 8
- type: filter.gene
  target: HighlyVariableGenesLogarithmizedByTopGenes
  params:
    n_top_genes: 3000
- type: feature.cell
  params:
    out: feature.cell
    log_level: INFO
    split_name: train
  target: WeightedFeatureSVD
- type: misc
  target: SetConfig
  params:
    config_dict:
      feature_channel: feature.cell
      label_channel: cell_type
",0.657000005245209,"step2:https://wandb.ai/xzy11632/dance-dev/sweeps/khazxwrr|step3:https://wandb.ai/xzy11632/dance-dev/sweeps/w9xwru7c,https://wandb.ai/xzy11632/dance-dev/sweeps/6rcvmaw4,https://wandb.ai/xzy11632/dance-dev/sweeps/rp4krw7r","- type: filter.gene
  target: FilterGenesScanpyOrder
  params:
    order:
    - min_counts
    - min_cells
    - max_counts
    - max_cells
    min_counts: 0.01
    max_counts: 0.99
    min_cells: 0.01
    max_cells: 0.99
- type: normalize
  target: ScaleFeature
  params: {}
- type: filter.gene
  target: HighlyVariableGenesRawCount
  params:
    n_top_genes: 3000
- type: feature.cell
  params:
    out: feature.cell
    log_level: INFO
    split_name: train
  target: WeightedFeatureSVD
- type: graph.cell
  target: CellFeatureGraph
  params:
    cell_feature_channel: feature.cell
- type: misc
  target: SetConfig
  params:
    config_dict:
      label_channel: cell_type
",0.674499988555908,all_total_runs:90|all_finished_runs:89|step2_total_runs:30|step2_finished_runs:29|step3_0_total_runs:20|step3_0_finished_runs:20|step3_1_total_runs:20|step3_1_finished_runs:20|step3_2_total_runs:20|step3_2_finished_runs:20|finished_rate:98.89%,False,"- type: filter.gene
  target: FilterGenesScanpyOrder
  params:
    order:
    - min_counts
    - min_cells
    - max_counts
    - max_cells
    min_counts: 0.01
    max_counts: 0.99
    min_cells: 0.01
    max_cells: 0.99
- type: normalize
  target: ScaleFeature
  params: {}
- type: filter.gene
  target: HighlyVariableGenesRawCount
  params:
    n_top_genes: 3000
- type: feature.cell
  params:
    out: feature.cell
    log_level: INFO
    split_name: train
  target: WeightedFeatureSVD
- type: graph.cell
  target: CellFeatureGraph
  params:
    cell_feature_channel: feature.cell
- type: misc
  target: SetConfig
  params:
    config_dict:
      label_channel: cell_type
",0.674499988555908,"step2:https://wandb.ai/xzy11632/dance-dev/sweeps/8sxjq8zk|step3:https://wandb.ai/xzy11632/dance-dev/sweeps/c0md1l7r,https://wandb.ai/xzy11632/dance-dev/sweeps/fr8iiv3g,https://wandb.ai/xzy11632/dance-dev/sweeps/fb9xnzzy","- type: filter.gene
  target: FilterGenesScanpyOrder
  params:
    order:
    - min_counts
    - min_cells
    - max_counts
    - max_cells
    min_counts: 0.01
    max_counts: 0.99
    min_cells: 0.01
    max_cells: 0.99
- type: normalize
  target: ScaleFeature
  params: {}
- type: filter.gene
  target: FilterGenesRegression
  params:
    num_genes: 3000
- type: feature.cell
  target: SCNFeature
- type: misc
  target: SetConfig
  params:
    config_dict:
      feature_channel: SCNFeature
      label_channel: cell_type
",0.6945,all_total_runs:78|all_finished_runs:74|step2_total_runs:18|step2_finished_runs:14|step3_0_total_runs:20|step3_0_finished_runs:20|step3_1_total_runs:20|step3_1_finished_runs:20|step3_2_total_runs:20|step3_2_finished_runs:20|finished_rate:94.87%,False,"- type: filter.gene
  target: FilterGenesScanpyOrder
  params:
    order:
    - min_counts
    - min_cells
    - max_counts
    - max_cells
    min_counts: 0.01
    max_counts: 0.99
    min_cells: 0.01
    max_cells: 0.99
- type: normalize
  target: ScaleFeature
  params: {}
- type: filter.gene
  target: FilterGenesRegression
  params:
    num_genes: 3000
- type: feature.cell
  target: SCNFeature
- type: misc
  target: SetConfig
  params:
    config_dict:
      feature_channel: SCNFeature
      label_channel: cell_type
",0.6945,human,Lung,10000,train,train_human_Lung9968be68-ab65-4a38-9e1a-c9b6abece194_data.h5ad,https://www.dropbox.com/scl/fi/mz6umlbnjoxynhqklwyxg/human_Lung9968be68-ab65-4a38-9e1a-c9b6abece194_data.h5ad?rlkey=upom03ch71gebjvxq15x59gk9&dl=1,9968be68-ab65-4a38-9e1a-c9b6abece194
1e6a6ef9-7ec9-4c90-bbfb-2ad3c3165fd1_Lung,8.0,10000.0,17796.0,33.0,13743916.0,1184127.0,"['B cell', 'CD1c-positive myeloid dendritic cell', 'CD4-positive, alpha-beta T cell', 'CD8-positive, alpha-beta T cell', 'alveolar macrophage', 'bronchus fibroblast of lung', 'capillary endothelial cell', 'classical monocyte', 'club cell', 'conventional dendritic cell', 'dendritic cell', 'endothelial cell of lymphatic vessel', 'epithelial cell of lung', 'fibroblast of lung', 'macrophage', 'malignant cell', 'mast cell', 'mesothelial cell', 'multi-ciliated epithelial cell', 'myeloid cell', 'natural killer cell', 'neutrophil', 'non-classical monocyte', 'pericyte', 'plasma cell', 'plasmacytoid dendritic cell', 'pulmonary artery endothelial cell', 'regulatory T cell', 'smooth muscle cell', 'stromal cell', 'type I pneumocyte', 'type II pneumocyte', 'vein endothelial cell']","['chronic obstructive pulmonary disease', 'lung adenocarcinoma', 'non-small cell lung carcinoma', 'normal', 'squamous cell lung carcinoma']",Lung,10000.0,"['B cell', 'CD1c-positive myeloid dendritic cell', 'CD4-positive, alpha-beta T cell', 'CD8-positive, alpha-beta T cell', 'alveolar macrophage', 'bronchus fibroblast of lung', 'capillary endothelial cell', 'classical monocyte', 'club cell', 'conventional dendritic cell', 'dendritic cell', 'endothelial cell of lymphatic vessel', 'epithelial cell of lung', 'fibroblast of lung', 'macrophage', 'malignant cell', 'mast cell', 'mesothelial cell', 'multi-ciliated epithelial cell', 'myeloid cell', 'natural killer cell', 'neutrophil', 'non-classical monocyte', 'pericyte', 'plasma cell', 'plasmacytoid dendritic cell', 'pulmonary artery endothelial cell', 'regulatory T cell', 'smooth muscle cell', 'stromal cell', 'type I pneumocyte', 'type II pneumocyte', 'vein endothelial cell']","['chronic obstructive pulmonary disease', 'lung adenocarcinoma', 'non-small cell lung carcinoma', 'normal', 'squamous cell lung carcinoma']","[""10x 3' v1"", ""10x 3' v2"", ""10x 3' v3"", ""10x 5' v1"", 'BD Rhapsody Whole Transcriptome Analysis', 'Drop-seq', 'GEXSCOPE technology', 'Smart-seq2', 'inDrop']","[""10x 3' v1"", ""10x 3' v2"", ""10x 3' v3"", ""10x 5' v1"", 'BD Rhapsody Whole Transcriptome Analysis', 'Drop-seq', 'GEXSCOPE technology', 'Smart-seq2', 'inDrop']",1e6a6ef9-7ec9-4c90-bbfb-2ad3c3165fd1,0.0,"step2:https://wandb.ai/xzy11632/dance-dev/sweeps/gh9k62tx|step3:https://wandb.ai/xzy11632/dance-dev/sweeps/qoqnuvvm,https://wandb.ai/xzy11632/dance-dev/sweeps/pqr4krpe,https://wandb.ai/xzy11632/dance-dev/sweeps/44a0k0wu","- type: filter.gene
  target: FilterGenesScanpyOrder
  params:
    order:
    - min_counts
    - min_cells
    - max_counts
    - max_cells
    min_counts: 0.01
    max_counts: 0.99
    min_cells: 0.01
    max_cells: 0.99
- type: normalize
  target: NormalizeTotalLog1P
  params: {}
- type: filter.gene
  target: FilterGenesTopK
  params:
    num_genes: 3000
- type: feature.cell
  params:
    out: feature.cell
    log_level: INFO
  target: CellSVD
- type: misc
  target: SetConfig
  params:
    config_dict:
      feature_channel: feature.cell
      label_channel: cell_type
",0.142499998211861,all_total_runs:168|all_finished_runs:161|step2_total_runs:108|step2_finished_runs:101|step3_0_total_runs:20|step3_0_finished_runs:20|step3_1_total_runs:20|step3_1_finished_runs:20|step3_2_total_runs:20|step3_2_finished_runs:20|finished_rate:95.83%,False,"- type: filter.gene
  target: FilterGenesScanpyOrder
  params:
    order:
    - min_counts
    - min_cells
    - max_counts
    - max_cells
    min_counts: 0.01
    max_counts: 0.99
    min_cells: 0.01
    max_cells: 0.99
- type: normalize
  target: NormalizeTotalLog1P
  params: {}
- type: filter.gene
  target: FilterGenesTopK
  params:
    num_genes: 3000
- type: feature.cell
  params:
    out: feature.cell
    log_level: INFO
  target: CellSVD
- type: misc
  target: SetConfig
  params:
    config_dict:
      feature_channel: feature.cell
      label_channel: cell_type
",0.142499998211861,"step2:https://wandb.ai/xzy11632/dance-dev/sweeps/1can8nul|step3:https://wandb.ai/xzy11632/dance-dev/sweeps/66427sjh,https://wandb.ai/xzy11632/dance-dev/sweeps/gd03yxsn,https://wandb.ai/xzy11632/dance-dev/sweeps/i57rpmmf","- type: filter.gene
  target: FilterGenesScanpyOrder
  params:
    order:
    - min_counts
    - min_cells
    - max_counts
    - max_cells
    min_counts: 0.01
    max_counts: 0.99
    min_cells: 0.01
    max_cells: 0.99
- type: normalize
  target: NormalizePlaceHolder
  params: {}
- type: filter.gene
  target: FilterGenesTopK
  params:
    num_genes: 3000
- type: feature.cell
  params:
    out: feature.cell
    log_level: INFO
  target: GaussRandProjFeature
- type: misc
  target: SetConfig
  params:
    config_dict:
      feature_channel: feature.cell
      label_channel: cell_type
",0.147499993443489,all_total_runs:150|all_finished_runs:144|step2_total_runs:90|step2_finished_runs:85|step3_0_total_runs:20|step3_0_finished_runs:20|step3_1_total_runs:20|step3_1_finished_runs:19|step3_2_total_runs:20|step3_2_finished_runs:20|finished_rate:96.00%,0.0,"- type: filter.gene
  target: FilterGenesScanpyOrder
  params:
    order:
    - min_counts
    - min_cells
    - max_counts
    - max_cells
    min_counts: 0.01
    max_counts: 0.99
    min_cells: 0.01
    max_cells: 0.99
- type: normalize
  target: NormalizePlaceHolder
  params: {}
- type: filter.gene
  target: FilterGenesTopK
  params:
    num_genes: 3000
- type: feature.cell
  params:
    out: feature.cell
    log_level: INFO
  target: GaussRandProjFeature
- type: misc
  target: SetConfig
  params:
    config_dict:
      feature_channel: feature.cell
      label_channel: cell_type
",0.147499993443489,"step2:https://wandb.ai/xzy11632/dance-dev/sweeps/mxa04j5o|step3:https://wandb.ai/xzy11632/dance-dev/sweeps/27p63lkq,https://wandb.ai/xzy11632/dance-dev/sweeps/bq459dmm,https://wandb.ai/xzy11632/dance-dev/sweeps/nasulq3g","- type: filter.gene
  target: FilterGenesPlaceHolder
- type: normalize
  target: NormalizeTotalLog1P
  params:
    base: 4.876348124751952
    target_sum: 1000000
    max_fraction: 0.5
- type: filter.gene
  target: FilterGenesTopK
  params:
    num_genes: 8305
    top: true
    mode: rv
- type: feature.cell
  target: WeightedFeatureSVD
  params:
    out: feature.cell
    log_level: INFO
    n_components: 874
    feat_norm_mode: l2
- type: graph.cell
  target: CellFeatureGraph
  params:
    cell_feature_channel: feature.cell
- type: misc
  target: SetConfig
  params:
    config_dict:
      label_channel: cell_type
",0.149499997496605,all_total_runs:90|all_finished_runs:79|step2_total_runs:30|step2_finished_runs:28|step3_0_total_runs:20|step3_0_finished_runs:19|step3_1_total_runs:20|step3_1_finished_runs:13|step3_2_total_runs:20|step3_2_finished_runs:19|finished_rate:87.78%,False,"- type: filter.gene
  target: FilterGenesPercentile
  params: {}
- type: normalize
  target: ScaleFeature
  params: {}
- type: filter.gene
  target: FilterGenesRegression
  params:
    num_genes: 3000
- type: feature.cell
  params:
    out: feature.cell
    log_level: INFO
    split_name: train
  target: WeightedFeatureSVD
- type: graph.cell
  target: CellFeatureGraph
  params:
    cell_feature_channel: feature.cell
- type: misc
  target: SetConfig
  params:
    config_dict:
      label_channel: cell_type
",0.147499993443489,"step2:https://wandb.ai/xzy11632/dance-dev/sweeps/5pobeqtf|step3:https://wandb.ai/xzy11632/dance-dev/sweeps/m263e8zt,https://wandb.ai/xzy11632/dance-dev/sweeps/ihzw02ah,https://wandb.ai/xzy11632/dance-dev/sweeps/14sgjjn6","- type: filter.gene
  target: FilterGenesPercentile
  params: {}
- type: normalize
  target: ScTransform
  params:
    processes_num: 8
- type: filter.gene
  target: HighlyVariableGenesLogarithmizedByMeanAndDisp
  params: {}
- type: feature.cell
  target: SCNFeature
- type: misc
  target: SetConfig
  params:
    config_dict:
      feature_channel: SCNFeature
      label_channel: cell_type
",0.1545,all_total_runs:78|all_finished_runs:74|step2_total_runs:18|step2_finished_runs:14|step3_0_total_runs:20|step3_0_finished_runs:20|step3_1_total_runs:20|step3_1_finished_runs:20|step3_2_total_runs:20|step3_2_finished_runs:20|finished_rate:94.87%,False,"- type: filter.gene
  target: FilterGenesPercentile
  params: {}
- type: normalize
  target: ScTransform
  params:
    processes_num: 8
- type: filter.gene
  target: HighlyVariableGenesLogarithmizedByMeanAndDisp
  params: {}
- type: feature.cell
  target: SCNFeature
- type: misc
  target: SetConfig
  params:
    config_dict:
      feature_channel: SCNFeature
      label_channel: cell_type
",0.1545,human,Lung,10000,train,train_human_Lung1e6a6ef9-7ec9-4c90-bbfb-2ad3c3165fd1_data.h5ad,https://www.dropbox.com/scl/fi/b2e6gr542wah0t5xtgshh/human_Lung1e6a6ef9-7ec9-4c90-bbfb-2ad3c3165fd1_data.h5ad?rlkey=7pkq1kh7wz6z0qzj4wdj94i79&dl=1,1e6a6ef9-7ec9-4c90-bbfb-2ad3c3165fd1
486486d4-9462-43e5-9249-eb43fa5a49a6_Lung,9.0,10000.0,10353.0,6.0,11501976.0,29658.0,"['CD4-positive helper T cell', 'CD8-positive, alpha-beta memory T cell', 'effector CD8-positive, alpha-beta T cell', 'exhausted T cell', 'gamma-delta T cell', 'regulatory T cell']","['lung adenocarcinoma', 'normal', 'small cell lung carcinoma']",Lung,10000.0,"['CD4-positive helper T cell', 'CD8-positive, alpha-beta memory T cell', 'effector CD8-positive, alpha-beta T cell', 'exhausted T cell', 'gamma-delta T cell', 'regulatory T cell']","['lung adenocarcinoma', 'normal', 'small cell lung carcinoma']","[""10x 3' transcription profiling"", ""10x 3' v2"", ""10x 3' v3""]","[""10x 3' transcription profiling"", ""10x 3' v2"", ""10x 3' v3""]",486486d4-9462-43e5-9249-eb43fa5a49a6,0.0,"step2:https://wandb.ai/xzy11632/dance-dev/sweeps/zyws4fgy|step3:https://wandb.ai/xzy11632/dance-dev/sweeps/kh3aycl5,https://wandb.ai/xzy11632/dance-dev/sweeps/7f6hifpt,https://wandb.ai/xzy11632/dance-dev/sweeps/fnd25elw","- type: filter.gene
  target: FilterGenesPercentile
  params: {}
- type: normalize
  target: NormalizeTotalLog1P
  params: {}
- type: filter.gene
  target: FilterGenesRegression
  params:
    num_genes: 3000
- type: feature.cell
  params:
    out: feature.cell
    log_level: INFO
    split_name: train
  target: WeightedFeaturePCA
- type: misc
  target: SetConfig
  params:
    config_dict:
      feature_channel: feature.cell
      label_channel: cell_type
",0.530499994754791,all_total_runs:168|all_finished_runs:163|step2_total_runs:108|step2_finished_runs:105|step3_0_total_runs:20|step3_0_finished_runs:19|step3_1_total_runs:20|step3_1_finished_runs:20|step3_2_total_runs:20|step3_2_finished_runs:19|finished_rate:97.02%,False,"- type: filter.gene
  target: FilterGenesPercentile
  params: {}
- type: normalize
  target: NormalizeTotalLog1P
  params: {}
- type: filter.gene
  target: FilterGenesRegression
  params:
    num_genes: 3000
- type: feature.cell
  params:
    out: feature.cell
    log_level: INFO
    split_name: train
  target: WeightedFeaturePCA
- type: misc
  target: SetConfig
  params:
    config_dict:
      feature_channel: feature.cell
      label_channel: cell_type
",0.530499994754791,"step2:https://wandb.ai/xzy11632/dance-dev/sweeps/n8ta1kju|step3:https://wandb.ai/xzy11632/dance-dev/sweeps/ril2cl0v,https://wandb.ai/xzy11632/dance-dev/sweeps/uugi77en,https://wandb.ai/xzy11632/dance-dev/sweeps/q7j5pxxx","- type: filter.gene
  target: FilterGenesScanpyOrder
  params:
    order:
    - min_counts
    - min_cells
    - max_counts
    - max_cells
    min_counts: 0.01
    max_counts: 0.99
    min_cells: 0.01
    max_cells: 0.99
- type: normalize
  target: NormalizeTotal
  params: {}
- type: filter.gene
  target: FilterGenesTopK
  params:
    num_genes: 3000
- type: feature.cell
  params:
    out: feature.cell
    log_level: INFO
  target: GaussRandProjFeature
- type: misc
  target: SetConfig
  params:
    config_dict:
      feature_channel: feature.cell
      label_channel: cell_type
",0.486999988555908,all_total_runs:133|all_finished_runs:125|step2_total_runs:90|step2_finished_runs:89|step3_0_total_runs:20|step3_0_finished_runs:19|step3_1_total_runs:20|step3_1_finished_runs:17|step3_2_total_runs:3|step3_2_finished_runs:0|finished_rate:93.98%,0.0,"- type: filter.gene
  target: FilterGenesScanpyOrder
  params:
    order:
    - min_counts
    - min_cells
    - max_counts
    - max_cells
    min_counts: 0.01
    max_counts: 0.99
    min_cells: 0.01
    max_cells: 0.99
- type: normalize
  target: NormalizeTotal
  params: {}
- type: filter.gene
  target: FilterGenesTopK
  params:
    num_genes: 3000
- type: feature.cell
  params:
    out: feature.cell
    log_level: INFO
  target: GaussRandProjFeature
- type: misc
  target: SetConfig
  params:
    config_dict:
      feature_channel: feature.cell
      label_channel: cell_type
",0.486999988555908,"step2:https://wandb.ai/xzy11632/dance-dev/sweeps/13qk6r2b|step3:https://wandb.ai/xzy11632/dance-dev/sweeps/sqkfl1x6,https://wandb.ai/xzy11632/dance-dev/sweeps/84lz4254","- type: filter.gene
  target: FilterGenesPlaceHolder
  params: {}
- type: normalize
  target: Log1P
  params: {}
- type: filter.gene
  target: HighlyVariableGenesLogarithmizedByMeanAndDisp
  params: {}
- type: feature.cell
  params:
    out: feature.cell
    log_level: INFO
    split_name: train
  target: WeightedFeaturePCA
- type: graph.cell
  target: CellFeatureGraph
  params:
    cell_feature_channel: feature.cell
- type: misc
  target: SetConfig
  params:
    config_dict:
      label_channel: cell_type
",0.539499998092651,all_total_runs:70|all_finished_runs:67|step2_total_runs:30|step2_finished_runs:29|step3_0_total_runs:20|step3_0_finished_runs:19|step3_1_total_runs:20|step3_1_finished_runs:19|finished_rate:95.71%,False,"- type: filter.gene
  target: FilterGenesPlaceHolder
  params: {}
- type: normalize
  target: Log1P
  params: {}
- type: filter.gene
  target: HighlyVariableGenesLogarithmizedByMeanAndDisp
  params: {}
- type: feature.cell
  params:
    out: feature.cell
    log_level: INFO
    split_name: train
  target: WeightedFeaturePCA
- type: graph.cell
  target: CellFeatureGraph
  params:
    cell_feature_channel: feature.cell
- type: misc
  target: SetConfig
  params:
    config_dict:
      label_channel: cell_type
",0.539499998092651,"step2:https://wandb.ai/xzy11632/dance-dev/sweeps/sjtq7yaj|step3:https://wandb.ai/xzy11632/dance-dev/sweeps/8lwdb0is,https://wandb.ai/xzy11632/dance-dev/sweeps/u7ral1iz,https://wandb.ai/xzy11632/dance-dev/sweeps/76nbp8wg","- type: filter.gene
  target: FilterGenesScanpyOrder
  params:
    order:
    - min_counts
    - min_cells
    - max_counts
    - max_cells
    min_counts: 0.01
    max_counts: 0.99
    min_cells: 0.01
    max_cells: 0.99
- type: normalize
  target: ScTransform
  params:
    processes_num: 8
- type: filter.gene
  target: HighlyVariableGenesLogarithmizedByMeanAndDisp
  params: {}
- type: feature.cell
  target: SCNFeature
- type: misc
  target: SetConfig
  params:
    config_dict:
      feature_channel: SCNFeature
      label_channel: cell_type
",0.524,all_total_runs:78|all_finished_runs:25|step2_total_runs:18|step2_finished_runs:15|step3_0_total_runs:20|step3_0_finished_runs:6|step3_1_total_runs:20|step3_1_finished_runs:1|step3_2_total_runs:20|step3_2_finished_runs:3|finished_rate:32.05%,True,"- type: filter.gene
  target: FilterGenesScanpyOrder
  params:
    order:
    - min_counts
    - min_cells
    - max_counts
    - max_cells
    min_counts: 0.01
    max_counts: 0.99
    min_cells: 0.01
    max_cells: 0.99
- type: normalize
  target: ScTransform
  params:
    processes_num: 8
- type: filter.gene
  target: HighlyVariableGenesLogarithmizedByMeanAndDisp
  params: {}
- type: feature.cell
  target: SCNFeature
- type: misc
  target: SetConfig
  params:
    config_dict:
      feature_channel: SCNFeature
      label_channel: cell_type
",0.524,human,Lung,10000,train,train_human_Lung486486d4-9462-43e5-9249-eb43fa5a49a6_data.h5ad,https://www.dropbox.com/scl/fi/ymmdfevzihlcyjosugyuq/human_Lung486486d4-9462-43e5-9249-eb43fa5a49a6_data.h5ad?rlkey=71rly1fkb21yl8gxy8af42ke7&dl=1,486486d4-9462-43e5-9249-eb43fa5a49a6
7b3368a5-c1a0-4973-9e75-d95b4150c7da_Lung,13.0,4138.0,8152.0,9.0,7539502.0,4138.0,"['B-1a B cell', 'B-1b B cell', 'immature B cell', 'large pre-B-II cell', 'late pro-B cell', 'pre-B-I cell', 'precursor B cell', 'pro-B cell', 'small pre-B-II cell']",['normal'],Lung,,,,"[""10x 5' v1""]",,7b3368a5-c1a0-4973-9e75-d95b4150c7da,0.0,"step2:https://wandb.ai/xzy11632/dance-dev/sweeps/xyg8whi3|step3:https://wandb.ai/xzy11632/dance-dev/sweeps/g6ri5eut,https://wandb.ai/xzy11632/dance-dev/sweeps/oifo40qz,https://wandb.ai/xzy11632/dance-dev/sweeps/o9mi3ts9","- type: filter.gene
  target: FilterGenesPlaceHolder
- type: normalize
  target: NormalizeTotalLog1P
  params:
    base: 3.5366322363697855
    target_sum: 100000
    max_fraction: 0.05
- type: filter.gene
  target: FilterGenesTopK
  params:
    num_genes: 9237
    top: false
    mode: rv
- type: feature.cell
  target: GaussRandProjFeature
  params:
    out: feature.cell
    log_level: INFO
    n_components: 624
- type: misc
  target: SetConfig
  params:
    config_dict:
      feature_channel: feature.cell
      label_channel: cell_type
",0.159420296549797,all_total_runs:168|all_finished_runs:167|step2_total_runs:108|step2_finished_runs:108|step3_0_total_runs:20|step3_0_finished_runs:19|step3_1_total_runs:20|step3_1_finished_runs:20|step3_2_total_runs:20|step3_2_finished_runs:20|finished_rate:99.40%,False,"- type: filter.gene
  target: FilterGenesPlaceHolder
  params: {}
- type: normalize
  target: ScTransform
  params:
    processes_num: 8
- type: filter.gene
  target: HighlyVariableGenesRawCount
  params:
    n_top_genes: 3000
- type: feature.cell
  params:
    out: feature.cell
    log_level: INFO
  target: FeatureCellPlaceHolder
- type: misc
  target: SetConfig
  params:
    config_dict:
      feature_channel: feature.cell
      label_channel: cell_type
",0.158212557435036,"step2:https://wandb.ai/xzy11632/dance-dev/sweeps/wlowbjuv|step3:https://wandb.ai/xzy11632/dance-dev/sweeps/hzmzv5z9,https://wandb.ai/xzy11632/dance-dev/sweeps/0rn3qasc,https://wandb.ai/xzy11632/dance-dev/sweeps/8tq1zips","- type: filter.gene
  target: FilterGenesPlaceHolder
  params: {}
- type: normalize
  target: ScTransform
  params:
    processes_num: 8
- type: filter.gene
  target: HighlyVariableGenesLogarithmizedByTopGenes
  params:
    n_top_genes: 3000
- type: feature.cell
  params:
    out: feature.cell
    log_level: INFO
    split_name: train
  target: WeightedFeatureSVD
- type: misc
  target: SetConfig
  params:
    config_dict:
      feature_channel: feature.cell
      label_channel: cell_type
",0.155797094106674,all_total_runs:133|all_finished_runs:82|step2_total_runs:90|step2_finished_runs:62|step3_0_total_runs:3|step3_0_finished_runs:0|step3_1_total_runs:20|step3_1_finished_runs:1|step3_2_total_runs:20|step3_2_finished_runs:19|finished_rate:61.65%,0.0,"- type: filter.gene
  target: FilterGenesPlaceHolder
  params: {}
- type: normalize
  target: ScTransform
  params:
    processes_num: 8
- type: filter.gene
  target: HighlyVariableGenesLogarithmizedByTopGenes
  params:
    n_top_genes: 3000
- type: feature.cell
  params:
    out: feature.cell
    log_level: INFO
    split_name: train
  target: WeightedFeatureSVD
- type: misc
  target: SetConfig
  params:
    config_dict:
      feature_channel: feature.cell
      label_channel: cell_type
",0.155797094106674,step2:https://wandb.ai/xzy11632/dance-dev/sweeps/2952s4xl|step3:https://wandb.ai/xzy11632/dance-dev/sweeps/xhbek7t1,"- type: filter.gene
  target: FilterGenesScanpyOrder
  params:
    order:
    - min_counts
    - min_cells
    - max_counts
    - max_cells
    min_counts: 0.01
    max_counts: 0.99
    min_cells: 0.01
    max_cells: 0.99
- type: normalize
  target: ScaleFeature
  params: {}
- type: filter.gene
  target: FilterGenesTopK
  params:
    num_genes: 3000
- type: feature.cell
  params:
    out: feature.cell
    log_level: INFO
    split_name: train
  target: WeightedFeaturePCA
- type: graph.cell
  target: CellFeatureGraph
  params:
    cell_feature_channel: feature.cell
- type: misc
  target: SetConfig
  params:
    config_dict:
      label_channel: cell_type
",0.169082120060921,all_total_runs:50|all_finished_runs:45|step2_total_runs:30|step2_finished_runs:28|step3_0_total_runs:20|step3_0_finished_runs:17|finished_rate:90.00%,False,"- type: filter.gene
  target: FilterGenesScanpyOrder
  params:
    order:
    - min_counts
    - min_cells
    - max_counts
    - max_cells
    min_counts: 0.01
    max_counts: 0.99
    min_cells: 0.01
    max_cells: 0.99
- type: normalize
  target: ScaleFeature
  params: {}
- type: filter.gene
  target: FilterGenesTopK
  params:
    num_genes: 3000
- type: feature.cell
  params:
    out: feature.cell
    log_level: INFO
    split_name: train
  target: WeightedFeaturePCA
- type: graph.cell
  target: CellFeatureGraph
  params:
    cell_feature_channel: feature.cell
- type: misc
  target: SetConfig
  params:
    config_dict:
      label_channel: cell_type
",0.169082120060921,"step2:https://wandb.ai/xzy11632/dance-dev/sweeps/c2zih0s7|step3:https://wandb.ai/xzy11632/dance-dev/sweeps/pquarjbq,https://wandb.ai/xzy11632/dance-dev/sweeps/oy177u5v,https://wandb.ai/xzy11632/dance-dev/sweeps/d4txs8y3","- type: filter.gene
  target: FilterGenesScanpyOrder
  params:
    order:
    - min_counts
    - max_cells
    - max_counts
    - min_cells
    min_counts: 224
    min_cells: 0.028123782255867303
    max_counts: 0.9653659559410632
    max_cells: 0.9781940650839074
- type: normalize
  target: NormalizeTotalLog1P
  params:
    base: 5.040631397363265
    target_sum: 1000000
    max_fraction: 0.7
- type: filter.gene
  target: HighlyVariableGenesLogarithmizedByMeanAndDisp
  params:
    min_disp: 0.2247492658670367
    max_disp: 18.060602563495088
    min_mean: 0.0015103514703623047
    max_mean: 17.038364630249784
    n_bins: 28
    flavor: cell_ranger
- type: feature.cell
  target: SCNFeature
- type: misc
  target: SetConfig
  params:
    config_dict:
      feature_channel: SCNFeature
      label_channel: cell_type
",0.16304347826087,all_total_runs:78|all_finished_runs:73|step2_total_runs:18|step2_finished_runs:18|step3_0_total_runs:20|step3_0_finished_runs:19|step3_1_total_runs:20|step3_1_finished_runs:18|step3_2_total_runs:20|step3_2_finished_runs:18|finished_rate:93.59%,False,"- type: filter.gene
  target: FilterGenesScanpyOrder
  params:
    order:
    - min_counts
    - min_cells
    - max_counts
    - max_cells
    min_counts: 0.01
    max_counts: 0.99
    min_cells: 0.01
    max_cells: 0.99
- type: normalize
  target: Log1P
  params: {}
- type: filter.gene
  target: FilterGenesNumberPlaceHolder
  params: {}
- type: feature.cell
  target: SCNFeature
- type: misc
  target: SetConfig
  params:
    config_dict:
      feature_channel: SCNFeature
      label_channel: cell_type
",0.154589371980676,human,Lung,4138,train,train_human_Lung7b3368a5-c1a0-4973-9e75-d95b4150c7da_data.h5ad,https://www.dropbox.com/scl/fi/kkfqus7bbbc5fyammhvs6/human_Lung7b3368a5-c1a0-4973-9e75-d95b4150c7da_data.h5ad?rlkey=7pi96515hn1wp6vdb2mgx5wke&dl=1,7b3368a5-c1a0-4973-9e75-d95b4150c7da
e04daea4-4412-45b5-989e-76a9be070a89_Lung,14.0,8657.0,30231.0,39.0,22134421.0,8657.0,"['B cell', 'CD1c-positive myeloid dendritic cell', 'alveolar macrophage', 'basal cell', 'bronchial smooth muscle cell', 'capillary endothelial cell', 'classical monocyte', 'club cell', 'dendritic cell', 'dendritic cell, human', 'effector memory CD4-positive, alpha-beta T cell', 'endothelial cell', 'endothelial cell of artery', 'endothelial cell of lymphatic vessel', 'epithelial cell', 'fibroblast', 'intermediate monocyte', 'lung ciliated cell', 'lung goblet cell', 'lung neuroendocrine cell', 'lymphocyte', 'mature NK T cell', 'myeloid leukocyte', 'myofibroblast cell', 'naive thymus-derived CD4-positive, alpha-beta T cell', 'naive thymus-derived CD8-positive, alpha-beta T cell', 'natural killer cell', 'neutrophil', 'non-classical monocyte', 'pericyte', 'plasma cell', 'plasmacytoid dendritic cell, human', 'pulmonary interstitial fibroblast', 'pulmonary ionocyte', 'respiratory basal cell', 'type I pneumocyte', 'type II pneumocyte', 'vascular associated smooth muscle cell', 'vein endothelial cell']",['normal'],Lung,,,,['Smart-seq2'],,e04daea4-4412-45b5-989e-76a9be070a89,0.0,"step2:https://wandb.ai/xzy11632/dance-dev/sweeps/o76cyiff|step3:https://wandb.ai/xzy11632/dance-dev/sweeps/g3p764p1,https://wandb.ai/xzy11632/dance-dev/sweeps/fe7xm3j8,https://wandb.ai/xzy11632/dance-dev/sweeps/prl1nk4b","- type: filter.gene
  target: FilterGenesScanpyOrder
  params:
    order:
    - min_cells
    - min_counts
    - max_cells
    - max_counts
    min_counts: 200
    min_cells: 0.04682828030702368
    max_counts: 0.9723318411635294
    max_cells: 0.9542112874371124
- type: normalize
  target: ScaleFeature
  params:
    mode: minmax
    eps: 0.3
- type: filter.gene
  target: HighlyVariableGenesRawCount
  params:
    n_top_genes: 530
    span: 0.10474126358363398
- type: feature.cell
  target: WeightedFeatureSVD
  params:
    out: feature.cell
    log_level: INFO
    n_components: 728
    feat_norm_mode: minmax
- type: misc
  target: SetConfig
  params:
    config_dict:
      feature_channel: feature.cell
      label_channel: cell_type
",0.122979216277599,all_total_runs:168|all_finished_runs:161|step2_total_runs:108|step2_finished_runs:108|step3_0_total_runs:20|step3_0_finished_runs:15|step3_1_total_runs:20|step3_1_finished_runs:19|step3_2_total_runs:20|step3_2_finished_runs:19|finished_rate:95.83%,False,"- type: filter.gene
  target: FilterGenesScanpyOrder
  params:
    order:
    - min_counts
    - min_cells
    - max_counts
    - max_cells
    min_counts: 0.01
    max_counts: 0.99
    min_cells: 0.01
    max_cells: 0.99
- type: normalize
  target: ScaleFeature
  params: {}
- type: filter.gene
  target: HighlyVariableGenesRawCount
  params:
    n_top_genes: 3000
- type: feature.cell
  params:
    out: feature.cell
    log_level: INFO
    split_name: train
  target: WeightedFeatureSVD
- type: misc
  target: SetConfig
  params:
    config_dict:
      feature_channel: feature.cell
      label_channel: cell_type
",0.121824480593204,"step2:https://wandb.ai/xzy11632/dance-dev/sweeps/m4he5sbc|step3:https://wandb.ai/xzy11632/dance-dev/sweeps/rhuj2ayf,https://wandb.ai/xzy11632/dance-dev/sweeps/jn5x0dlb,https://wandb.ai/xzy11632/dance-dev/sweeps/ovp3s8qy","- type: filter.gene
  target: FilterGenesPlaceHolder
  params: {}
- type: normalize
  target: NormalizePlaceHolder
  params: {}
- type: filter.gene
  target: FilterGenesTopK
  params:
    num_genes: 3000
- type: feature.cell
  params:
    out: feature.cell
    log_level: INFO
    split_name: train
  target: WeightedFeatureSVD
- type: misc
  target: SetConfig
  params:
    config_dict:
      feature_channel: feature.cell
      label_channel: cell_type
",0.116050809621811,all_total_runs:150|all_finished_runs:125|step2_total_runs:90|step2_finished_runs:84|step3_0_total_runs:20|step3_0_finished_runs:14|step3_1_total_runs:20|step3_1_finished_runs:10|step3_2_total_runs:20|step3_2_finished_runs:17|finished_rate:83.33%,0.0,"- type: filter.gene
  target: FilterGenesPlaceHolder
  params: {}
- type: normalize
  target: NormalizePlaceHolder
  params: {}
- type: filter.gene
  target: FilterGenesTopK
  params:
    num_genes: 3000
- type: feature.cell
  params:
    out: feature.cell
    log_level: INFO
    split_name: train
  target: WeightedFeatureSVD
- type: misc
  target: SetConfig
  params:
    config_dict:
      feature_channel: feature.cell
      label_channel: cell_type
",0.116050809621811,"step2:https://wandb.ai/xzy11632/dance-dev/sweeps/sa09z55c|step3:https://wandb.ai/xzy11632/dance-dev/sweeps/vtyez8w2,https://wandb.ai/xzy11632/dance-dev/sweeps/308q5nkg","- type: filter.gene
  target: FilterGenesScanpyOrder
  params:
    order:
    - min_counts
    - min_cells
    - max_counts
    - max_cells
    min_counts: 0.01
    max_counts: 0.99
    min_cells: 0.01
    max_cells: 0.99
- type: normalize
  target: ScaleFeature
  params: {}
- type: filter.gene
  target: HighlyVariableGenesRawCount
  params:
    n_top_genes: 3000
- type: feature.cell
  params:
    out: feature.cell
    log_level: INFO
    split_name: train
  target: WeightedFeatureSVD
- type: graph.cell
  target: CellFeatureGraph
  params:
    cell_feature_channel: feature.cell
- type: misc
  target: SetConfig
  params:
    config_dict:
      label_channel: cell_type
",0.129907622933388,all_total_runs:70|all_finished_runs:53|step2_total_runs:30|step2_finished_runs:27|step3_0_total_runs:20|step3_0_finished_runs:12|step3_1_total_runs:20|step3_1_finished_runs:14|finished_rate:75.71%,False,"- type: filter.gene
  target: FilterGenesScanpyOrder
  params:
    order:
    - min_counts
    - min_cells
    - max_counts
    - max_cells
    min_counts: 0.01
    max_counts: 0.99
    min_cells: 0.01
    max_cells: 0.99
- type: normalize
  target: ScaleFeature
  params: {}
- type: filter.gene
  target: HighlyVariableGenesRawCount
  params:
    n_top_genes: 3000
- type: feature.cell
  params:
    out: feature.cell
    log_level: INFO
    split_name: train
  target: WeightedFeatureSVD
- type: graph.cell
  target: CellFeatureGraph
  params:
    cell_feature_channel: feature.cell
- type: misc
  target: SetConfig
  params:
    config_dict:
      label_channel: cell_type
",0.129907622933388,"step2:https://wandb.ai/xzy11632/dance-dev/sweeps/2jdh7cbt|step3:https://wandb.ai/xzy11632/dance-dev/sweeps/mxeqombt,https://wandb.ai/xzy11632/dance-dev/sweeps/53ic2u8c","- type: filter.gene
  target: FilterGenesPlaceHolder
  params: {}
- type: normalize
  target: NormalizeTotalLog1P
  params: {}
- type: filter.gene
  target: FilterGenesNumberPlaceHolder
  params: {}
- type: feature.cell
  target: SCNFeature
- type: misc
  target: SetConfig
  params:
    config_dict:
      feature_channel: SCNFeature
      label_channel: cell_type
",0.11662817551963,all_total_runs:58|all_finished_runs:52|step2_total_runs:18|step2_finished_runs:17|step3_0_total_runs:20|step3_0_finished_runs:17|step3_1_total_runs:20|step3_1_finished_runs:18|finished_rate:89.66%,False,"- type: filter.gene
  target: FilterGenesPlaceHolder
  params: {}
- type: normalize
  target: NormalizeTotalLog1P
  params: {}
- type: filter.gene
  target: FilterGenesNumberPlaceHolder
  params: {}
- type: feature.cell
  target: SCNFeature
- type: misc
  target: SetConfig
  params:
    config_dict:
      feature_channel: SCNFeature
      label_channel: cell_type
",0.11662817551963,human,Lung,8657,train,train_human_Lunge04daea4-4412-45b5-989e-76a9be070a89_data.h5ad,https://www.dropbox.com/scl/fi/3yi17ckqej50wbvrhrmev/human_Lunge04daea4-4412-45b5-989e-76a9be070a89_data.h5ad?rlkey=dhvki1bayogmxfvwbgdmr63m0&dl=1,e04daea4-4412-45b5-989e-76a9be070a89
e9175006-8978-4417-939f-819855eab80e_Lung,15.0,9784.0,10502.0,4.0,22438675.0,9784.0,"['classical monocyte', 'conventional dendritic cell', 'neutrophil', 'plasmacytoid dendritic cell']","['lung adenocarcinoma', 'normal', 'small cell lung carcinoma']",Lung,,,,"[""10x 3' transcription profiling"", ""10x 3' v2"", ""10x 3' v3""]",,e9175006-8978-4417-939f-819855eab80e,0.0,"step2:https://wandb.ai/xzy11632/dance-dev/sweeps/3lq0ua6i|step3:https://wandb.ai/xzy11632/dance-dev/sweeps/aq7548sl,https://wandb.ai/xzy11632/dance-dev/sweeps/3qupxoqs,https://wandb.ai/xzy11632/dance-dev/sweeps/cyjxqdqg","- type: filter.gene
  target: FilterGenesPlaceHolder
  params: {}
- type: normalize
  target: NormalizeTotalLog1P
  params: {}
- type: filter.gene
  target: FilterGenesTopK
  params:
    num_genes: 3000
- type: feature.cell
  params:
    out: feature.cell
    log_level: INFO
    split_name: train
  target: WeightedFeatureSVD
- type: misc
  target: SetConfig
  params:
    config_dict:
      feature_channel: feature.cell
      label_channel: cell_type
",0.820132851600647,all_total_runs:151|all_finished_runs:146|step2_total_runs:108|step2_finished_runs:106|step3_0_total_runs:20|step3_0_finished_runs:20|step3_1_total_runs:3|step3_1_finished_runs:0|step3_2_total_runs:20|step3_2_finished_runs:20|finished_rate:96.69%,False,"- type: filter.gene
  target: FilterGenesPlaceHolder
  params: {}
- type: normalize
  target: NormalizeTotalLog1P
  params: {}
- type: filter.gene
  target: FilterGenesTopK
  params:
    num_genes: 3000
- type: feature.cell
  params:
    out: feature.cell
    log_level: INFO
    split_name: train
  target: WeightedFeatureSVD
- type: misc
  target: SetConfig
  params:
    config_dict:
      feature_channel: feature.cell
      label_channel: cell_type
",0.820132851600647,"step2:https://wandb.ai/xzy11632/dance-dev/sweeps/78f902al|step3:https://wandb.ai/xzy11632/dance-dev/sweeps/tzveqisv,https://wandb.ai/xzy11632/dance-dev/sweeps/y9ydhhcn,https://wandb.ai/xzy11632/dance-dev/sweeps/7vmm56ok","- type: filter.gene
  target: FilterGenesPlaceHolder
  params: {}
- type: normalize
  target: ScTransform
  params:
    processes_num: 8
- type: filter.gene
  target: HighlyVariableGenesLogarithmizedByTopGenes
  params:
    n_top_genes: 3000
- type: feature.cell
  params:
    out: feature.cell
    log_level: INFO
    split_name: train
  target: WeightedFeaturePCA
- type: misc
  target: SetConfig
  params:
    config_dict:
      feature_channel: feature.cell
      label_channel: cell_type
",0.807358205318451,all_total_runs:99|all_finished_runs:70|step2_total_runs:90|step2_finished_runs:70|step3_0_total_runs:3|step3_0_finished_runs:0|step3_1_total_runs:3|step3_1_finished_runs:0|step3_2_total_runs:3|step3_2_finished_runs:0|finished_rate:70.71%,0.0,"- type: filter.gene
  target: FilterGenesPlaceHolder
  params: {}
- type: normalize
  target: ScTransform
  params:
    processes_num: 8
- type: filter.gene
  target: HighlyVariableGenesLogarithmizedByTopGenes
  params:
    n_top_genes: 3000
- type: feature.cell
  params:
    out: feature.cell
    log_level: INFO
    split_name: train
  target: WeightedFeaturePCA
- type: misc
  target: SetConfig
  params:
    config_dict:
      feature_channel: feature.cell
      label_channel: cell_type
",0.807358205318451,step2:https://wandb.ai/xzy11632/dance-dev/sweeps/f37lt3da|step3:https://wandb.ai/xzy11632/dance-dev/sweeps/j2ua7d96,"- type: filter.gene
  target: FilterGenesScanpyOrder
  params:
    order:
    - min_counts
    - min_cells
    - max_counts
    - max_cells
    min_counts: 0.01
    max_counts: 0.99
    min_cells: 0.01
    max_cells: 0.99
- type: normalize
  target: ScaleFeature
  params: {}
- type: filter.gene
  target: HighlyVariableGenesRawCount
  params:
    n_top_genes: 3000
- type: feature.cell
  params:
    out: feature.cell
    log_level: INFO
    split_name: train
  target: WeightedFeatureSVD
- type: graph.cell
  target: CellFeatureGraph
  params:
    cell_feature_channel: feature.cell
- type: misc
  target: SetConfig
  params:
    config_dict:
      label_channel: cell_type
",0.818599879741669,all_total_runs:50|all_finished_runs:47|step2_total_runs:30|step2_finished_runs:29|step3_0_total_runs:20|step3_0_finished_runs:18|finished_rate:94.00%,False,"- type: filter.gene
  target: FilterGenesScanpyOrder
  params:
    order:
    - min_counts
    - min_cells
    - max_counts
    - max_cells
    min_counts: 0.01
    max_counts: 0.99
    min_cells: 0.01
    max_cells: 0.99
- type: normalize
  target: ScaleFeature
  params: {}
- type: filter.gene
  target: HighlyVariableGenesRawCount
  params:
    n_top_genes: 3000
- type: feature.cell
  params:
    out: feature.cell
    log_level: INFO
    split_name: train
  target: WeightedFeatureSVD
- type: graph.cell
  target: CellFeatureGraph
  params:
    cell_feature_channel: feature.cell
- type: misc
  target: SetConfig
  params:
    config_dict:
      label_channel: cell_type
",0.818599879741669,"step2:https://wandb.ai/xzy11632/dance-dev/sweeps/yq6m2sb2|step3:https://wandb.ai/xzy11632/dance-dev/sweeps/afku8lkl,https://wandb.ai/xzy11632/dance-dev/sweeps/xyxsnkkf,https://wandb.ai/xzy11632/dance-dev/sweeps/0tf41ja2","- type: filter.gene
  target: FilterGenesScanpyOrder
  params:
    order:
    - min_counts
    - min_cells
    - max_counts
    - max_cells
    min_counts: 0.01
    max_counts: 0.99
    min_cells: 0.01
    max_cells: 0.99
- type: normalize
  target: ScTransform
  params:
    processes_num: 8
- type: filter.gene
  target: HighlyVariableGenesLogarithmizedByMeanAndDisp
  params: {}
- type: feature.cell
  target: SCNFeature
- type: misc
  target: SetConfig
  params:
    config_dict:
      feature_channel: SCNFeature
      label_channel: cell_type
",0.825242718446602,all_total_runs:78|all_finished_runs:18|step2_total_runs:18|step2_finished_runs:18|step3_0_total_runs:20|step3_0_finished_runs:0|step3_1_total_runs:20|step3_1_finished_runs:0|step3_2_total_runs:20|step3_2_finished_runs:0|finished_rate:23.08%,True,"- type: filter.gene
  target: FilterGenesScanpyOrder
  params:
    order:
    - min_counts
    - min_cells
    - max_counts
    - max_cells
    min_counts: 0.01
    max_counts: 0.99
    min_cells: 0.01
    max_cells: 0.99
- type: normalize
  target: ScTransform
  params:
    processes_num: 8
- type: filter.gene
  target: HighlyVariableGenesLogarithmizedByMeanAndDisp
  params: {}
- type: feature.cell
  target: SCNFeature
- type: misc
  target: SetConfig
  params:
    config_dict:
      feature_channel: SCNFeature
      label_channel: cell_type
",0.825242718446602,human,Lung,9784,train,train_human_Lunge9175006-8978-4417-939f-819855eab80e_data.h5ad,https://www.dropbox.com/scl/fi/1n3ztjbo8v7pksbwocwvt/human_Lunge9175006-8978-4417-939f-819855eab80e_data.h5ad?rlkey=x7mhr3hqee4yon8iiqncjxzlv&dl=1,e9175006-8978-4417-939f-819855eab80e
0ba16f4b-cb87-4fa3-9363-19fc51eec6e7_Lung,16.0,6947.0,10385.0,19.0,16323274.0,6947.0,"['basophil', 'bone marrow cell', 'classical monocyte', 'common myeloid progenitor', 'dendritic cell', 'dendritic cell, human', 'early lymphoid progenitor', 'eosinophil', 'granulocyte monocyte progenitor cell', 'hematopoietic stem cell', 'macrophage', 'megakaryocyte', 'megakaryocyte-erythroid progenitor cell', 'neutrophil', 'non-classical monocyte', 'plasmacytoid dendritic cell', 'platelet', 'promonocyte', 'promyelocyte']",['normal'],Lung,,,,"[""10x 5' v1""]",,0ba16f4b-cb87-4fa3-9363-19fc51eec6e7,0.0,"step2:https://wandb.ai/xzy11632/dance-dev/sweeps/ykkprfns|step3:https://wandb.ai/xzy11632/dance-dev/sweeps/s5a1sjvg,https://wandb.ai/xzy11632/dance-dev/sweeps/3byhmf5v,https://wandb.ai/xzy11632/dance-dev/sweeps/f5940y9z","- type: filter.gene
  target: FilterGenesScanpyOrder
  params:
    order:
    - min_counts
    - min_cells
    - max_counts
    - max_cells
    min_counts: 0.01
    max_counts: 0.99
    min_cells: 0.01
    max_cells: 0.99
- type: normalize
  target: Log1P
  params: {}
- type: filter.gene
  target: HighlyVariableGenesLogarithmizedByTopGenes
  params:
    n_top_genes: 3000
- type: feature.cell
  params:
    out: feature.cell
    log_level: INFO
    split_name: train
  target: WeightedFeaturePCA
- type: misc
  target: SetConfig
  params:
    config_dict:
      feature_channel: feature.cell
      label_channel: cell_type
",0.4345323741436,all_total_runs:126|all_finished_runs:82|step2_total_runs:108|step2_finished_runs:82|step3_0_total_runs:6|step3_0_finished_runs:0|step3_1_total_runs:6|step3_1_finished_runs:0|step3_2_total_runs:6|step3_2_finished_runs:0|finished_rate:65.08%,False,"- type: filter.gene
  target: FilterGenesScanpyOrder
  params:
    order:
    - min_counts
    - min_cells
    - max_counts
    - max_cells
    min_counts: 0.01
    max_counts: 0.99
    min_cells: 0.01
    max_cells: 0.99
- type: normalize
  target: Log1P
  params: {}
- type: filter.gene
  target: HighlyVariableGenesLogarithmizedByTopGenes
  params:
    n_top_genes: 3000
- type: feature.cell
  params:
    out: feature.cell
    log_level: INFO
    split_name: train
  target: WeightedFeaturePCA
- type: misc
  target: SetConfig
  params:
    config_dict:
      feature_channel: feature.cell
      label_channel: cell_type
",0.4345323741436,"step2:https://wandb.ai/xzy11632/dance-dev/sweeps/ifh7g5na|step3:https://wandb.ai/xzy11632/dance-dev/sweeps/hmx19swk,https://wandb.ai/xzy11632/dance-dev/sweeps/5sr66vux,https://wandb.ai/xzy11632/dance-dev/sweeps/36yt1ly8","- type: filter.gene
  target: FilterGenesScanpyOrder
  params:
    order:
    - min_counts
    - min_cells
    - max_cells
    - max_counts
    min_counts: 66
    min_cells: 0.0027508044559370615
    max_counts: 0.9469225410928076
    max_cells: 0.9674925828078564
- type: normalize
  target: NormalizeTotalLog1P
  params:
    base: 8.824159693140718
    target_sum: 1000000
    max_fraction: 1
- type: filter.gene
  target: FilterGenesRegression
  params:
    method: enclasc
    num_genes: 9820
- type: feature.cell
  target: FeatureCellPlaceHolder
  params:
    out: feature.cell
    log_level: INFO
- type: misc
  target: SetConfig
  params:
    config_dict:
      feature_channel: feature.cell
      label_channel: cell_type
",0.397841721773148,all_total_runs:133|all_finished_runs:124|step2_total_runs:90|step2_finished_runs:84|step3_0_total_runs:20|step3_0_finished_runs:20|step3_1_total_runs:20|step3_1_finished_runs:20|step3_2_total_runs:3|step3_2_finished_runs:0|finished_rate:93.23%,0.0,"- type: filter.gene
  target: FilterGenesScanpyOrder
  params:
    order:
    - min_counts
    - min_cells
    - max_counts
    - max_cells
    min_counts: 0.01
    max_counts: 0.99
    min_cells: 0.01
    max_cells: 0.99
- type: normalize
  target: ScTransform
  params:
    processes_num: 8
- type: filter.gene
  target: FilterGenesTopK
  params:
    num_genes: 3000
- type: feature.cell
  params:
    out: feature.cell
    log_level: INFO
  target: FeatureCellPlaceHolder
- type: misc
  target: SetConfig
  params:
    config_dict:
      feature_channel: feature.cell
      label_channel: cell_type
",0.358273386955261,"step2:https://wandb.ai/xzy11632/dance-dev/sweeps/7b5rgqpi|step3:https://wandb.ai/xzy11632/dance-dev/sweeps/yl1aa4t9,https://wandb.ai/xzy11632/dance-dev/sweeps/vguwrfb1,https://wandb.ai/xzy11632/dance-dev/sweeps/ufh61vzu","- type: filter.gene
  target: FilterGenesScanpyOrder
  params:
    order:
    - min_counts
    - min_cells
    - max_counts
    - max_cells
    min_counts: 0.01
    max_counts: 0.99
    min_cells: 0.01
    max_cells: 0.99
- type: normalize
  target: ScTransform
  params:
    processes_num: 8
- type: filter.gene
  target: HighlyVariableGenesLogarithmizedByMeanAndDisp
  params: {}
- type: feature.cell
  params:
    out: feature.cell
    log_level: INFO
    split_name: train
  target: WeightedFeatureSVD
- type: graph.cell
  target: CellFeatureGraph
  params:
    cell_feature_channel: feature.cell
- type: misc
  target: SetConfig
  params:
    config_dict:
      label_channel: cell_type
",0.405035972595215,all_total_runs:90|all_finished_runs:88|step2_total_runs:30|step2_finished_runs:29|step3_0_total_runs:20|step3_0_finished_runs:20|step3_1_total_runs:20|step3_1_finished_runs:20|step3_2_total_runs:20|step3_2_finished_runs:19|finished_rate:97.78%,False,"- type: filter.gene
  target: FilterGenesScanpyOrder
  params:
    order:
    - min_counts
    - min_cells
    - max_counts
    - max_cells
    min_counts: 0.01
    max_counts: 0.99
    min_cells: 0.01
    max_cells: 0.99
- type: normalize
  target: ScTransform
  params:
    processes_num: 8
- type: filter.gene
  target: HighlyVariableGenesLogarithmizedByMeanAndDisp
  params: {}
- type: feature.cell
  params:
    out: feature.cell
    log_level: INFO
    split_name: train
  target: WeightedFeatureSVD
- type: graph.cell
  target: CellFeatureGraph
  params:
    cell_feature_channel: feature.cell
- type: misc
  target: SetConfig
  params:
    config_dict:
      label_channel: cell_type
",0.405035972595215,"step2:https://wandb.ai/xzy11632/dance-dev/sweeps/od2p30p2|step3:https://wandb.ai/xzy11632/dance-dev/sweeps/p7kf5hcb,https://wandb.ai/xzy11632/dance-dev/sweeps/cfplhicq,https://wandb.ai/xzy11632/dance-dev/sweeps/dy4a50pv","- type: filter.gene
  target: FilterGenesScanpyOrder
  params:
    order:
    - min_counts
    - min_cells
    - max_counts
    - max_cells
    min_counts: 0.01
    max_counts: 0.99
    min_cells: 0.01
    max_cells: 0.99
- type: normalize
  target: NormalizeTotalLog1P
  params: {}
- type: filter.gene
  target: HighlyVariableGenesLogarithmizedByTopGenes
  params:
    n_top_genes: 3000
- type: feature.cell
  target: SCNFeature
- type: misc
  target: SetConfig
  params:
    config_dict:
      feature_channel: SCNFeature
      label_channel: cell_type
",0.402158273381295,all_total_runs:78|all_finished_runs:42|step2_total_runs:18|step2_finished_runs:18|step3_0_total_runs:20|step3_0_finished_runs:20|step3_1_total_runs:20|step3_1_finished_runs:3|step3_2_total_runs:20|step3_2_finished_runs:1|finished_rate:53.85%,True,"- type: filter.gene
  target: FilterGenesScanpyOrder
  params:
    order:
    - min_counts
    - min_cells
    - max_counts
    - max_cells
    min_counts: 0.01
    max_counts: 0.99
    min_cells: 0.01
    max_cells: 0.99
- type: normalize
  target: NormalizeTotalLog1P
  params: {}
- type: filter.gene
  target: HighlyVariableGenesLogarithmizedByTopGenes
  params:
    n_top_genes: 3000
- type: feature.cell
  target: SCNFeature
- type: misc
  target: SetConfig
  params:
    config_dict:
      feature_channel: SCNFeature
      label_channel: cell_type
",0.402158273381295,human,Lung,6947,train,train_human_Lung0ba16f4b-cb87-4fa3-9363-19fc51eec6e7_data.h5ad,https://www.dropbox.com/scl/fi/u1l3vw5jfjzo5j438hns0/human_Lung0ba16f4b-cb87-4fa3-9363-19fc51eec6e7_data.h5ad?rlkey=bdrqcl1rnqj3ckzae2nivdryk&dl=1,0ba16f4b-cb87-4fa3-9363-19fc51eec6e7
a68b64d8-aee3-4947-81b7-36b8fe5a44d2_Lung,17.0,1135.0,19072.0,8.0,2755020.0,1135.0,"['adventitial cell', 'bronchial smooth muscle cell', 'fibroblast', 'mesothelial cell', 'myofibroblast cell', 'pericyte', 'smooth muscle cell', 'vascular associated smooth muscle cell']",['normal'],Lung,,,,"[""10x 3' v3"", 'Smart-seq2']",,a68b64d8-aee3-4947-81b7-36b8fe5a44d2,0.0,"step2:https://wandb.ai/xzy11632/dance-dev/sweeps/ilyqiuxl|step3:https://wandb.ai/xzy11632/dance-dev/sweeps/2ls719sa,https://wandb.ai/xzy11632/dance-dev/sweeps/vbha1soc,https://wandb.ai/xzy11632/dance-dev/sweeps/njl2zijk","- type: filter.gene
  target: FilterGenesPlaceHolder
  params: {}
- type: normalize
  target: ScaleFeature
  params: {}
- type: filter.gene
  target: HighlyVariableGenesRawCount
  params:
    n_top_genes: 3000
- type: feature.cell
  params:
    out: feature.cell
    log_level: INFO
  target: GaussRandProjFeature
- type: misc
  target: SetConfig
  params:
    config_dict:
      feature_channel: feature.cell
      label_channel: cell_type
",0.387665212154388,all_total_runs:168|all_finished_runs:165|step2_total_runs:108|step2_finished_runs:106|step3_0_total_runs:20|step3_0_finished_runs:19|step3_1_total_runs:20|step3_1_finished_runs:20|step3_2_total_runs:20|step3_2_finished_runs:20|finished_rate:98.21%,False,"- type: filter.gene
  target: FilterGenesPlaceHolder
  params: {}
- type: normalize
  target: ScaleFeature
  params: {}
- type: filter.gene
  target: HighlyVariableGenesRawCount
  params:
    n_top_genes: 3000
- type: feature.cell
  params:
    out: feature.cell
    log_level: INFO
  target: GaussRandProjFeature
- type: misc
  target: SetConfig
  params:
    config_dict:
      feature_channel: feature.cell
      label_channel: cell_type
",0.387665212154388,"step2:https://wandb.ai/xzy11632/dance-dev/sweeps/6ispwpea|step3:https://wandb.ai/xzy11632/dance-dev/sweeps/35erf4sn,https://wandb.ai/xzy11632/dance-dev/sweeps/517q3pia,https://wandb.ai/xzy11632/dance-dev/sweeps/xdmvn0t7","- type: filter.gene
  target: FilterGenesScanpyOrder
  params:
    order:
    - min_counts
    - min_cells
    - max_counts
    - max_cells
    min_counts: 0.01
    max_counts: 0.99
    min_cells: 0.01
    max_cells: 0.99
- type: normalize
  target: ScaleFeature
  params: {}
- type: filter.gene
  target: HighlyVariableGenesRawCount
  params:
    n_top_genes: 3000
- type: feature.cell
  params:
    out: feature.cell
    log_level: INFO
    split_name: train
  target: WeightedFeaturePCA
- type: misc
  target: SetConfig
  params:
    config_dict:
      feature_channel: feature.cell
      label_channel: cell_type
",0.348017632961273,all_total_runs:150|all_finished_runs:129|step2_total_runs:90|step2_finished_runs:75|step3_0_total_runs:20|step3_0_finished_runs:20|step3_1_total_runs:20|step3_1_finished_runs:17|step3_2_total_runs:20|step3_2_finished_runs:17|finished_rate:86.00%,0.0,"- type: filter.gene
  target: FilterGenesScanpyOrder
  params:
    order:
    - min_counts
    - min_cells
    - max_counts
    - max_cells
    min_counts: 0.01
    max_counts: 0.99
    min_cells: 0.01
    max_cells: 0.99
- type: normalize
  target: ScaleFeature
  params: {}
- type: filter.gene
  target: HighlyVariableGenesRawCount
  params:
    n_top_genes: 3000
- type: feature.cell
  params:
    out: feature.cell
    log_level: INFO
    split_name: train
  target: WeightedFeaturePCA
- type: misc
  target: SetConfig
  params:
    config_dict:
      feature_channel: feature.cell
      label_channel: cell_type
",0.348017632961273,"step2:https://wandb.ai/xzy11632/dance-dev/sweeps/evbw6kzm|step3:https://wandb.ai/xzy11632/dance-dev/sweeps/7xvyf7mr,https://wandb.ai/xzy11632/dance-dev/sweeps/2kek99h8,https://wandb.ai/xzy11632/dance-dev/sweeps/w6f7khiy","- type: filter.gene
  target: FilterGenesPlaceHolder
- type: normalize
  target: ScaleFeature
  params:
    mode: minmax
    eps: 0.5
- type: filter.gene
  target: HighlyVariableGenesLogarithmizedByTopGenes
  params:
    n_top_genes: 5096
    n_bins: 22
    flavor: seurat
- type: feature.cell
  target: WeightedFeatureSVD
  params:
    out: feature.cell
    log_level: INFO
    n_components: 110
    feat_norm_mode: null
- type: graph.cell
  target: CellFeatureGraph
  params:
    cell_feature_channel: feature.cell
- type: misc
  target: SetConfig
  params:
    config_dict:
      label_channel: cell_type
",0.383259922266006,all_total_runs:90|all_finished_runs:84|step2_total_runs:30|step2_finished_runs:28|step3_0_total_runs:20|step3_0_finished_runs:20|step3_1_total_runs:20|step3_1_finished_runs:16|step3_2_total_runs:20|step3_2_finished_runs:20|finished_rate:93.33%,False,"- type: filter.gene
  target: FilterGenesPlaceHolder
  params: {}
- type: normalize
  target: NormalizeTotalLog1P
  params: {}
- type: filter.gene
  target: HighlyVariableGenesLogarithmizedByTopGenes
  params:
    n_top_genes: 3000
- type: feature.cell
  params:
    out: feature.cell
    log_level: INFO
    split_name: train
  target: WeightedFeaturePCA
- type: graph.cell
  target: CellFeatureGraph
  params:
    cell_feature_channel: feature.cell
- type: misc
  target: SetConfig
  params:
    config_dict:
      label_channel: cell_type
",0.352422893047333,"step2:https://wandb.ai/xzy11632/dance-dev/sweeps/ibw4v9ea|step3:https://wandb.ai/xzy11632/dance-dev/sweeps/t252ot47,https://wandb.ai/xzy11632/dance-dev/sweeps/kh9c3nc4,https://wandb.ai/xzy11632/dance-dev/sweeps/9tgf2e05","- type: filter.gene
  target: FilterGenesPercentile
  params: {}
- type: normalize
  target: NormalizeTotalLog1P
  params: {}
- type: filter.gene
  target: HighlyVariableGenesLogarithmizedByTopGenes
  params:
    n_top_genes: 3000
- type: feature.cell
  target: SCNFeature
- type: misc
  target: SetConfig
  params:
    config_dict:
      feature_channel: SCNFeature
      label_channel: cell_type
",0.365638766519824,all_total_runs:78|all_finished_runs:70|step2_total_runs:18|step2_finished_runs:16|step3_0_total_runs:20|step3_0_finished_runs:20|step3_1_total_runs:20|step3_1_finished_runs:20|step3_2_total_runs:20|step3_2_finished_runs:14|finished_rate:89.74%,False,"- type: filter.gene
  target: FilterGenesPercentile
  params: {}
- type: normalize
  target: NormalizeTotalLog1P
  params: {}
- type: filter.gene
  target: HighlyVariableGenesLogarithmizedByTopGenes
  params:
    n_top_genes: 3000
- type: feature.cell
  target: SCNFeature
- type: misc
  target: SetConfig
  params:
    config_dict:
      feature_channel: SCNFeature
      label_channel: cell_type
",0.365638766519824,human,Lung,1135,train,train_human_Lunga68b64d8-aee3-4947-81b7-36b8fe5a44d2(Lung)_data.h5ad,https://www.dropbox.com/scl/fi/wzajeyqibto1nmg6lcnnu/human_Lunga68b64d8-aee3-4947-81b7-36b8fe5a44d2-Lung-_data.h5ad?rlkey=yaj6fw3lmf4gj2om9myv2xqe2&st=vsw5mlb2&dl=1,a68b64d8-aee3-4947-81b7-36b8fe5a44d2
53d208b0-2cfd-4366-9866-c3c6114081bc_Pancreas,0.0,10000.0,60530.0,15.0,31497696.0,13497.0,"['B cell', 'T cell', 'endothelial cell', 'fibroblast', 'mast cell', 'mature NK T cell', 'myeloid cell', 'pancreatic A cell', 'pancreatic D cell', 'pancreatic PP cell', 'pancreatic acinar cell', 'pancreatic ductal cell', 'pancreatic stellate cell', 'plasma cell', 'type B pancreatic cell']",['normal'],Pancreas,10000.0,"['B cell', 'T cell', 'endothelial cell', 'fibroblast', 'mast cell', 'mature NK T cell', 'myeloid cell', 'pancreatic A cell', 'pancreatic D cell', 'pancreatic PP cell', 'pancreatic acinar cell', 'pancreatic ductal cell', 'pancreatic stellate cell', 'plasma cell', 'type B pancreatic cell']",['normal'],"[""10x 3' v3"", 'Smart-seq2']","[""10x 3' v3"", 'Smart-seq2']",53d208b0-2cfd-4366-9866-c3c6114081bc,0.0,"step2:https://wandb.ai/xzy11632/dance-dev/sweeps/22ozz7li|step3:https://wandb.ai/xzy11632/dance-dev/sweeps/mvr7rqsq,https://wandb.ai/xzy11632/dance-dev/sweeps/995v1xf4,https://wandb.ai/xzy11632/dance-dev/sweeps/qisfyznt","- type: filter.gene
  target: FilterGenesScanpyOrder
  params:
    order:
    - min_counts
    - min_cells
    - max_counts
    - max_cells
    min_counts: 0.01
    max_counts: 0.99
    min_cells: 0.01
    max_cells: 0.99
- type: normalize
  target: Log1P
  params: {}
- type: filter.gene
  target: HighlyVariableGenesRawCount
  params:
    n_top_genes: 3000
- type: feature.cell
  params:
    out: feature.cell
    log_level: INFO
    split_name: train
  target: WeightedFeatureSVD
- type: misc
  target: SetConfig
  params:
    config_dict:
      feature_channel: feature.cell
      label_channel: cell_type
",0.41499999165535,all_total_runs:600|all_finished_runs:402|step2_total_runs:540|step2_finished_runs:402|step3_0_total_runs:20|step3_0_finished_runs:0|step3_1_total_runs:20|step3_1_finished_runs:0|step3_2_total_runs:20|step3_2_finished_runs:0|finished_rate:67.00%,False,"- type: filter.gene
  target: FilterGenesScanpyOrder
  params:
    order:
    - min_counts
    - min_cells
    - max_counts
    - max_cells
    min_counts: 0.01
    max_counts: 0.99
    min_cells: 0.01
    max_cells: 0.99
- type: normalize
  target: Log1P
  params: {}
- type: filter.gene
  target: HighlyVariableGenesRawCount
  params:
    n_top_genes: 3000
- type: feature.cell
  params:
    out: feature.cell
    log_level: INFO
    split_name: train
  target: WeightedFeatureSVD
- type: misc
  target: SetConfig
  params:
    config_dict:
      feature_channel: feature.cell
      label_channel: cell_type
",0.41499999165535,"step2:https://wandb.ai/xzy11632/dance-dev/sweeps/vtnqs3gf|step3:https://wandb.ai/xzy11632/dance-dev/sweeps/i4bfw4d4,https://wandb.ai/xzy11632/dance-dev/sweeps/pkukk2ji,https://wandb.ai/xzy11632/dance-dev/sweeps/jyn45sjt","- type: filter.gene
  target: FilterGenesPlaceHolder
  params: {}
- type: normalize
  target: ScaleFeature
  params: {}
- type: filter.gene
  target: FilterGenesTopK
  params:
    num_genes: 3000
- type: feature.cell
  params:
    out: feature.cell
    log_level: INFO
    split_name: train
  target: WeightedFeatureSVD
- type: misc
  target: SetConfig
  params:
    config_dict:
      feature_channel: feature.cell
      label_channel: cell_type
",0.40200001001358,all_total_runs:150|all_finished_runs:139|step2_total_runs:90|step2_finished_runs:82|step3_0_total_runs:20|step3_0_finished_runs:19|step3_1_total_runs:20|step3_1_finished_runs:19|step3_2_total_runs:20|step3_2_finished_runs:19|finished_rate:92.67%,0.0,"- type: filter.gene
  target: FilterGenesPlaceHolder
  params: {}
- type: normalize
  target: ScaleFeature
  params: {}
- type: filter.gene
  target: FilterGenesTopK
  params:
    num_genes: 3000
- type: feature.cell
  params:
    out: feature.cell
    log_level: INFO
    split_name: train
  target: WeightedFeatureSVD
- type: misc
  target: SetConfig
  params:
    config_dict:
      feature_channel: feature.cell
      label_channel: cell_type
",0.40200001001358,"step2:https://wandb.ai/xzy11632/dance-dev/sweeps/2ni44osg|step3:https://wandb.ai/xzy11632/dance-dev/sweeps/oi4kj51z,https://wandb.ai/xzy11632/dance-dev/sweeps/080sx8ha,https://wandb.ai/xzy11632/dance-dev/sweeps/og6wms7m","- type: filter.gene
  target: FilterGenesScanpyOrder
  params:
    order:
    - min_counts
    - max_counts
    - max_cells
    - min_cells
    min_counts: 191
    min_cells: 0.03798547080750556
    max_counts: 0.9377398883656286
    max_cells: 0.964294533892298
- type: normalize
  target: ScaleFeature
  params:
    mode: l2
    eps: 0.7
- type: filter.gene
  target: HighlyVariableGenesRawCount
  params:
    n_top_genes: 5718
    span: 0.39461811670516034
- type: feature.cell
  target: WeightedFeatureSVD
  params:
    out: feature.cell
    log_level: INFO
    n_components: 591
    feat_norm_mode: l2
- type: graph.cell
  target: CellFeatureGraph
  params:
    cell_feature_channel: feature.cell
- type: misc
  target: SetConfig
  params:
    config_dict:
      label_channel: cell_type
",0.402500003576279,all_total_runs:90|all_finished_runs:77|step2_total_runs:30|step2_finished_runs:30|step3_0_total_runs:20|step3_0_finished_runs:16|step3_1_total_runs:20|step3_1_finished_runs:19|step3_2_total_runs:20|step3_2_finished_runs:12|finished_rate:85.56%,False,"- type: filter.gene
  target: FilterGenesScanpyOrder
  params:
    order:
    - min_counts
    - min_cells
    - max_counts
    - max_cells
    min_counts: 0.01
    max_counts: 0.99
    min_cells: 0.01
    max_cells: 0.99
- type: normalize
  target: ScaleFeature
  params: {}
- type: filter.gene
  target: HighlyVariableGenesRawCount
  params:
    n_top_genes: 3000
- type: feature.cell
  params:
    out: feature.cell
    log_level: INFO
    split_name: train
  target: WeightedFeatureSVD
- type: graph.cell
  target: CellFeatureGraph
  params:
    cell_feature_channel: feature.cell
- type: misc
  target: SetConfig
  params:
    config_dict:
      label_channel: cell_type
",0.40200001001358,"step2:https://wandb.ai/xzy11632/dance-dev/sweeps/td5ynax1|step3:https://wandb.ai/xzy11632/dance-dev/sweeps/lcjsqux6,https://wandb.ai/xzy11632/dance-dev/sweeps/0f76fdpn,https://wandb.ai/xzy11632/dance-dev/sweeps/xldz7jjh","- type: filter.gene
  target: FilterGenesPercentile
  params: {}
- type: normalize
  target: NormalizeTotalLog1P
  params: {}
- type: filter.gene
  target: FilterGenesNumberPlaceHolder
  params: {}
- type: feature.cell
  target: SCNFeature
- type: misc
  target: SetConfig
  params:
    config_dict:
      feature_channel: SCNFeature
      label_channel: cell_type
",0.4035,all_total_runs:78|all_finished_runs:62|step2_total_runs:18|step2_finished_runs:16|step3_0_total_runs:20|step3_0_finished_runs:16|step3_1_total_runs:20|step3_1_finished_runs:13|step3_2_total_runs:20|step3_2_finished_runs:17|finished_rate:79.49%,False,"- type: filter.gene
  target: FilterGenesPercentile
  params: {}
- type: normalize
  target: NormalizeTotalLog1P
  params: {}
- type: filter.gene
  target: FilterGenesNumberPlaceHolder
  params: {}
- type: feature.cell
  target: SCNFeature
- type: misc
  target: SetConfig
  params:
    config_dict:
      feature_channel: SCNFeature
      label_channel: cell_type
",0.4035,human,Pancreas,10000,train,train_human_Pancreas53d208b0-2cfd-4366-9866-c3c6114081bc(Pancreas)_data.h5ad,https://www.dropbox.com/scl/fi/isf2fm5xy6ymlxmy28j42/human_Pancreas53d208b0-2cfd-4366-9866-c3c6114081bc-Pancreas-_data.h5ad?rlkey=sr9rmdejoqevjl7nfy5eieg1h&st=4uvf8ks3&dl=1,53d208b0-2cfd-4366-9866-c3c6114081bc
78f10833-3e61-4fad-96c9-4bbd4f14bdfa_Pancreas,1.0,10000.0,60530.0,1.0,26080384.0,11541.0,['pancreatic A cell'],['normal'],Pancreas,10000.0,['pancreatic A cell'],['normal'],"[""10x 3' v2""]","[""10x 3' v2""]",78f10833-3e61-4fad-96c9-4bbd4f14bdfa,0.0,"step2:https://wandb.ai/xzy11632/dance-dev/sweeps/pqlp98l9|step3:https://wandb.ai/xzy11632/dance-dev/sweeps/dvy5v3bs,https://wandb.ai/xzy11632/dance-dev/sweeps/6t7bpa1k,https://wandb.ai/xzy11632/dance-dev/sweeps/e2gb9l9c","- type: filter.gene
  target: FilterGenesScanpyOrder
  params:
    order:
    - min_counts
    - min_cells
    - max_counts
    - max_cells
    min_counts: 0.01
    max_counts: 0.99
    min_cells: 0.01
    max_cells: 0.99
- type: normalize
  target: ScaleFeature
  params: {}
- type: filter.gene
  target: HighlyVariableGenesRawCount
  params:
    n_top_genes: 3000
- type: feature.cell
  params:
    out: feature.cell
    log_level: INFO
  target: GaussRandProjFeature
- type: misc
  target: SetConfig
  params:
    config_dict:
      feature_channel: feature.cell
      label_channel: cell_type
",1.0,all_total_runs:168|all_finished_runs:124|step2_total_runs:108|step2_finished_runs:77|step3_0_total_runs:20|step3_0_finished_runs:20|step3_1_total_runs:20|step3_1_finished_runs:12|step3_2_total_runs:20|step3_2_finished_runs:15|finished_rate:73.81%,False,"- type: filter.gene
  target: FilterGenesScanpyOrder
  params:
    order:
    - min_counts
    - min_cells
    - max_counts
    - max_cells
    min_counts: 0.01
    max_counts: 0.99
    min_cells: 0.01
    max_cells: 0.99
- type: normalize
  target: ScaleFeature
  params: {}
- type: filter.gene
  target: HighlyVariableGenesRawCount
  params:
    n_top_genes: 3000
- type: feature.cell
  params:
    out: feature.cell
    log_level: INFO
  target: GaussRandProjFeature
- type: misc
  target: SetConfig
  params:
    config_dict:
      feature_channel: feature.cell
      label_channel: cell_type
",1.0,,,,,,,,"step2:https://wandb.ai/xzy11632/dance-dev/sweeps/d7zfbj28|step3:https://wandb.ai/xzy11632/dance-dev/sweeps/x0gqz4l9,https://wandb.ai/xzy11632/dance-dev/sweeps/ja6p97kw,https://wandb.ai/xzy11632/dance-dev/sweeps/df094odf","- type: filter.gene
  target: FilterGenesScanpyOrder
  params:
    order:
    - min_counts
    - min_cells
    - max_counts
    - max_cells
    min_counts: 0.01
    max_counts: 0.99
    min_cells: 0.01
    max_cells: 0.99
- type: normalize
  target: ScaleFeature
  params: {}
- type: filter.gene
  target: HighlyVariableGenesRawCount
  params:
    n_top_genes: 3000
- type: feature.cell
  params:
    out: feature.cell
    log_level: INFO
    split_name: train
  target: WeightedFeatureSVD
- type: graph.cell
  target: CellFeatureGraph
  params:
    cell_feature_channel: feature.cell
- type: misc
  target: SetConfig
  params:
    config_dict:
      label_channel: cell_type
",1.0,all_total_runs:90|all_finished_runs:47|step2_total_runs:30|step2_finished_runs:30|step3_0_total_runs:20|step3_0_finished_runs:16|step3_1_total_runs:20|step3_1_finished_runs:0|step3_2_total_runs:20|step3_2_finished_runs:1|finished_rate:52.22%,True,"- type: filter.gene
  target: FilterGenesScanpyOrder
  params:
    order:
    - min_counts
    - min_cells
    - max_counts
    - max_cells
    min_counts: 0.01
    max_counts: 0.99
    min_cells: 0.01
    max_cells: 0.99
- type: normalize
  target: ScaleFeature
  params: {}
- type: filter.gene
  target: HighlyVariableGenesRawCount
  params:
    n_top_genes: 3000
- type: feature.cell
  params:
    out: feature.cell
    log_level: INFO
    split_name: train
  target: WeightedFeatureSVD
- type: graph.cell
  target: CellFeatureGraph
  params:
    cell_feature_channel: feature.cell
- type: misc
  target: SetConfig
  params:
    config_dict:
      label_channel: cell_type
",1.0,"step2:https://wandb.ai/xzy11632/dance-dev/sweeps/6mjryxpi|step3:https://wandb.ai/xzy11632/dance-dev/sweeps/cihqa57y,https://wandb.ai/xzy11632/dance-dev/sweeps/rl88ryas,https://wandb.ai/xzy11632/dance-dev/sweeps/17ho07p3","- type: filter.gene
  target: FilterGenesScanpyOrder
  params:
    order:
    - min_counts
    - min_cells
    - max_counts
    - max_cells
    min_counts: 0.01
    max_counts: 0.99
    min_cells: 0.01
    max_cells: 0.99
- type: normalize
  target: ScaleFeature
  params: {}
- type: filter.gene
  target: FilterGenesNumberPlaceHolder
  params: {}
- type: feature.cell
  target: SCNFeature
- type: misc
  target: SetConfig
  params:
    config_dict:
      feature_channel: SCNFeature
      label_channel: cell_type
",1.0,all_total_runs:78|all_finished_runs:24|step2_total_runs:18|step2_finished_runs:3|step3_0_total_runs:20|step3_0_finished_runs:7|step3_1_total_runs:20|step3_1_finished_runs:9|step3_2_total_runs:20|step3_2_finished_runs:5|finished_rate:30.77%,True,"- type: filter.gene
  target: FilterGenesScanpyOrder
  params:
    order:
    - min_counts
    - min_cells
    - max_counts
    - max_cells
    min_counts: 0.01
    max_counts: 0.99
    min_cells: 0.01
    max_cells: 0.99
- type: normalize
  target: ScaleFeature
  params: {}
- type: filter.gene
  target: FilterGenesNumberPlaceHolder
  params: {}
- type: feature.cell
  target: SCNFeature
- type: misc
  target: SetConfig
  params:
    config_dict:
      feature_channel: SCNFeature
      label_channel: cell_type
",1.0,human,Pancreas,10000,train,train_human_Pancreas78f10833-3e61-4fad-96c9-4bbd4f14bdfa_data.h5ad,https://www.dropbox.com/scl/fi/6euec8e6la5lb536eca9v/human_Pancreas78f10833-3e61-4fad-96c9-4bbd4f14bdfa_data.h5ad?rlkey=h048sako37cm7fldz0qyanbbt&dl=1,78f10833-3e61-4fad-96c9-4bbd4f14bdfa
f7c1c579-2dc0-47e2-ba19-8165c5a0e353_Pancreas,2.0,10000.0,60530.0,13.0,6037875.0,45653.0,"['acinar cell', 'endocrine cell', 'endothelial cell of lymphatic vessel', 'endothelial cell of vascular tree', 'enteric neuron', 'erythroblast', 'glial cell', 'innate lymphoid cell', 'mesothelial cell', 'myeloid cell', 'pancreatic ductal cell', 'smooth muscle cell', 'stromal cell']",['normal'],Pancreas,10000.0,"['acinar cell', 'endocrine cell', 'endothelial cell of lymphatic vessel', 'endothelial cell of vascular tree', 'enteric neuron', 'erythroblast', 'glial cell', 'innate lymphoid cell', 'mesothelial cell', 'myeloid cell', 'pancreatic ductal cell', 'smooth muscle cell', 'stromal cell']",['normal'],['sci-RNA-seq'],['sci-RNA-seq'],f7c1c579-2dc0-47e2-ba19-8165c5a0e353,0.0,"step2:https://wandb.ai/xzy11632/dance-dev/sweeps/p6bqt96y|step3:https://wandb.ai/xzy11632/dance-dev/sweeps/02ynx6as,https://wandb.ai/xzy11632/dance-dev/sweeps/ojfqur22,https://wandb.ai/xzy11632/dance-dev/sweeps/ut32dtey","- type: filter.gene
  target: FilterGenesPlaceHolder
  params: {}
- type: normalize
  target: Log1P
  params: {}
- type: filter.gene
  target: FilterGenesNumberPlaceHolder
  params: {}
- type: feature.cell
  params:
    out: feature.cell
    log_level: INFO
    split_name: train
  target: WeightedFeatureSVD
- type: misc
  target: SetConfig
  params:
    config_dict:
      feature_channel: feature.cell
      label_channel: cell_type
",0.258500009775162,all_total_runs:140|all_finished_runs:110|step2_total_runs:108|step2_finished_runs:90|step3_0_total_runs:6|step3_0_finished_runs:0|step3_1_total_runs:6|step3_1_finished_runs:0|step3_2_total_runs:20|step3_2_finished_runs:20|finished_rate:78.57%,False,"- type: filter.gene
  target: FilterGenesPlaceHolder
  params: {}
- type: normalize
  target: Log1P
  params: {}
- type: filter.gene
  target: FilterGenesNumberPlaceHolder
  params: {}
- type: feature.cell
  params:
    out: feature.cell
    log_level: INFO
    split_name: train
  target: WeightedFeatureSVD
- type: misc
  target: SetConfig
  params:
    config_dict:
      feature_channel: feature.cell
      label_channel: cell_type
",0.258500009775162,"step2:https://wandb.ai/xzy11632/dance-dev/sweeps/iq73ftx5|step3:https://wandb.ai/xzy11632/dance-dev/sweeps/gqt0xdx1,https://wandb.ai/xzy11632/dance-dev/sweeps/juc9v1b7,https://wandb.ai/xzy11632/dance-dev/sweeps/l5753tbp","- type: filter.gene
  target: FilterGenesPlaceHolder
  params: {}
- type: normalize
  target: ScaleFeature
  params: {}
- type: filter.gene
  target: FilterGenesTopK
  params:
    num_genes: 3000
- type: feature.cell
  params:
    out: feature.cell
    log_level: INFO
    split_name: train
  target: WeightedFeatureSVD
- type: misc
  target: SetConfig
  params:
    config_dict:
      feature_channel: feature.cell
      label_channel: cell_type
",0.257999986410141,all_total_runs:150|all_finished_runs:142|step2_total_runs:90|step2_finished_runs:83|step3_0_total_runs:20|step3_0_finished_runs:19|step3_1_total_runs:20|step3_1_finished_runs:20|step3_2_total_runs:20|step3_2_finished_runs:20|finished_rate:94.67%,0.0,"- type: filter.gene
  target: FilterGenesPlaceHolder
  params: {}
- type: normalize
  target: ScaleFeature
  params: {}
- type: filter.gene
  target: FilterGenesTopK
  params:
    num_genes: 3000
- type: feature.cell
  params:
    out: feature.cell
    log_level: INFO
    split_name: train
  target: WeightedFeatureSVD
- type: misc
  target: SetConfig
  params:
    config_dict:
      feature_channel: feature.cell
      label_channel: cell_type
",0.257999986410141,"step2:https://wandb.ai/xzy11632/dance-dev/sweeps/xa53mw49|step3:https://wandb.ai/xzy11632/dance-dev/sweeps/pn3zmnjt,https://wandb.ai/xzy11632/dance-dev/sweeps/zvok5gvr,https://wandb.ai/xzy11632/dance-dev/sweeps/oe6zmsdf","- type: filter.gene
  target: FilterGenesPercentile
  params: {}
- type: normalize
  target: ScaleFeature
  params: {}
- type: filter.gene
  target: HighlyVariableGenesLogarithmizedByTopGenes
  params:
    n_top_genes: 3000
- type: feature.cell
  params:
    out: feature.cell
    log_level: INFO
    split_name: train
  target: WeightedFeatureSVD
- type: graph.cell
  target: CellFeatureGraph
  params:
    cell_feature_channel: feature.cell
- type: misc
  target: SetConfig
  params:
    config_dict:
      label_channel: cell_type
",0.259999990463257,all_total_runs:90|all_finished_runs:68|step2_total_runs:30|step2_finished_runs:26|step3_0_total_runs:20|step3_0_finished_runs:19|step3_1_total_runs:20|step3_1_finished_runs:9|step3_2_total_runs:20|step3_2_finished_runs:14|finished_rate:75.56%,False,"- type: filter.gene
  target: FilterGenesPercentile
  params: {}
- type: normalize
  target: ScaleFeature
  params: {}
- type: filter.gene
  target: HighlyVariableGenesLogarithmizedByTopGenes
  params:
    n_top_genes: 3000
- type: feature.cell
  params:
    out: feature.cell
    log_level: INFO
    split_name: train
  target: WeightedFeatureSVD
- type: graph.cell
  target: CellFeatureGraph
  params:
    cell_feature_channel: feature.cell
- type: misc
  target: SetConfig
  params:
    config_dict:
      label_channel: cell_type
",0.259999990463257,"step2:https://wandb.ai/xzy11632/dance-dev/sweeps/j8rzpt5i|step3:https://wandb.ai/xzy11632/dance-dev/sweeps/1r62reh0,https://wandb.ai/xzy11632/dance-dev/sweeps/4bv88rfn,https://wandb.ai/xzy11632/dance-dev/sweeps/154cqdwg","- type: filter.gene
  target: FilterGenesScanpyOrder
  params:
    order:
    - min_counts
    - min_cells
    - max_counts
    - max_cells
    min_counts: 363
    min_cells: 0.0948428438870985
    max_counts: 0.9752586408547266
    max_cells: 0.9720176676160338
- type: normalize
  target: NormalizeTotalLog1P
  params:
    base: 7.871614190903061
    target_sum: 1000000
    max_fraction: 0.01
- type: filter.gene
  target: HighlyVariableGenesLogarithmizedByTopGenes
  params:
    n_top_genes: 440
    n_bins: 19
    flavor: cell_ranger
- type: feature.cell
  target: SCNFeature
- type: misc
  target: SetConfig
  params:
    config_dict:
      feature_channel: SCNFeature
      label_channel: cell_type
",0.244,all_total_runs:78|all_finished_runs:68|step2_total_runs:18|step2_finished_runs:14|step3_0_total_runs:20|step3_0_finished_runs:15|step3_1_total_runs:20|step3_1_finished_runs:19|step3_2_total_runs:20|step3_2_finished_runs:20|finished_rate:87.18%,False,"- type: filter.gene
  target: FilterGenesPlaceHolder
  params: {}
- type: normalize
  target: ScaleFeature
  params: {}
- type: filter.gene
  target: FilterGenesNumberPlaceHolder
  params: {}
- type: feature.cell
  target: SCNFeature
- type: misc
  target: SetConfig
  params:
    config_dict:
      feature_channel: SCNFeature
      label_channel: cell_type
",0.2375,human,Pancreas,10000,train,train_human_Pancreasf7c1c579-2dc0-47e2-ba19-8165c5a0e353(Pancreas)_data.h5ad,https://www.dropbox.com/scl/fi/13dwwcqh8uxne0fkv1nec/human_Pancreasf7c1c579-2dc0-47e2-ba19-8165c5a0e353-Pancreas-_data.h5ad?rlkey=71velvjv1y9xp433ite74lc4o&st=2p2908ig&dl=1,f7c1c579-2dc0-47e2-ba19-8165c5a0e353
37b21763-7f0f-41ae-9001-60bad6e2841d_Pancreas,3.0,10000.0,60530.0,10.0,24736256.0,69645.0,"['PP cell', 'endothelial cell', 'pancreatic A cell', 'pancreatic D cell', 'pancreatic acinar cell', 'pancreatic ductal cell', 'pancreatic epsilon cell', 'pancreatic stellate cell', 'type B pancreatic cell', 'unknown']","['normal', 'type 1 diabetes mellitus']",Pancreas,10000.0,"['PP cell', 'endothelial cell', 'pancreatic A cell', 'pancreatic D cell', 'pancreatic acinar cell', 'pancreatic ductal cell', 'pancreatic epsilon cell', 'pancreatic stellate cell', 'type B pancreatic cell', 'unknown']","['normal', 'type 1 diabetes mellitus']","[""10x 3' v2"", ""10x 3' v3""]","[""10x 3' v2"", ""10x 3' v3""]",37b21763-7f0f-41ae-9001-60bad6e2841d,0.0,"step2:https://wandb.ai/xzy11632/dance-dev/sweeps/xpg7s49k|step3:https://wandb.ai/xzy11632/dance-dev/sweeps/86nx5dg6,https://wandb.ai/xzy11632/dance-dev/sweeps/dvyi8xwt,https://wandb.ai/xzy11632/dance-dev/sweeps/v5h5dumm","- type: filter.gene
  target: FilterGenesPlaceHolder
  params: {}
- type: normalize
  target: NormalizeTotal
  params: {}
- type: filter.gene
  target: FilterGenesTopK
  params:
    num_genes: 3000
- type: feature.cell
  params:
    out: feature.cell
    log_level: INFO
  target: GaussRandProjFeature
- type: misc
  target: SetConfig
  params:
    config_dict:
      feature_channel: feature.cell
      label_channel: cell_type
",0.328000009059906,all_total_runs:168|all_finished_runs:164|step2_total_runs:108|step2_finished_runs:106|step3_0_total_runs:20|step3_0_finished_runs:20|step3_1_total_runs:20|step3_1_finished_runs:18|step3_2_total_runs:20|step3_2_finished_runs:20|finished_rate:97.62%,False,"- type: filter.gene
  target: FilterGenesPlaceHolder
  params: {}
- type: normalize
  target: NormalizeTotal
  params: {}
- type: filter.gene
  target: FilterGenesTopK
  params:
    num_genes: 3000
- type: feature.cell
  params:
    out: feature.cell
    log_level: INFO
  target: GaussRandProjFeature
- type: misc
  target: SetConfig
  params:
    config_dict:
      feature_channel: feature.cell
      label_channel: cell_type
",0.328000009059906,"step2:https://wandb.ai/xzy11632/dance-dev/sweeps/6e9cdnyw|step3:https://wandb.ai/xzy11632/dance-dev/sweeps/46c694bx,https://wandb.ai/xzy11632/dance-dev/sweeps/zdpqgwfd,https://wandb.ai/xzy11632/dance-dev/sweeps/0525wa85","- type: filter.gene
  target: FilterGenesPlaceHolder
- type: normalize
  target: NormalizeTotalLog1P
  params:
    base: 1.675542319350234
    target_sum: 100000
    max_fraction: 1
- type: filter.gene
  target: FilterGenesTopK
  params:
    num_genes: 6458
    top: false
    mode: cv
- type: feature.cell
  target: WeightedFeaturePCA
  params:
    out: feature.cell
    log_level: INFO
    n_components: 627
    feat_norm_mode: l2
- type: misc
  target: SetConfig
  params:
    config_dict:
      feature_channel: feature.cell
      label_channel: cell_type
",0.316000014543533,all_total_runs:150|all_finished_runs:133|step2_total_runs:90|step2_finished_runs:77|step3_0_total_runs:20|step3_0_finished_runs:20|step3_1_total_runs:20|step3_1_finished_runs:19|step3_2_total_runs:20|step3_2_finished_runs:17|finished_rate:88.67%,0.0,"- type: filter.gene
  target: FilterGenesPlaceHolder
  params: {}
- type: normalize
  target: ScaleFeature
  params: {}
- type: filter.gene
  target: FilterGenesTopK
  params:
    num_genes: 3000
- type: feature.cell
  params:
    out: feature.cell
    log_level: INFO
    split_name: train
  target: WeightedFeaturePCA
- type: misc
  target: SetConfig
  params:
    config_dict:
      feature_channel: feature.cell
      label_channel: cell_type
",0.305000007152557,"step2:https://wandb.ai/xzy11632/dance-dev/sweeps/mjt025h6|step3:https://wandb.ai/xzy11632/dance-dev/sweeps/ef2c818n,https://wandb.ai/xzy11632/dance-dev/sweeps/fy8z4tre,https://wandb.ai/xzy11632/dance-dev/sweeps/c5awiqur","- type: filter.gene
  target: FilterGenesPlaceHolder
  params: {}
- type: normalize
  target: NormalizeTotalLog1P
  params: {}
- type: filter.gene
  target: HighlyVariableGenesLogarithmizedByMeanAndDisp
  params: {}
- type: feature.cell
  params:
    out: feature.cell
    log_level: INFO
    split_name: train
  target: WeightedFeatureSVD
- type: graph.cell
  target: CellFeatureGraph
  params:
    cell_feature_channel: feature.cell
- type: misc
  target: SetConfig
  params:
    config_dict:
      label_channel: cell_type
",0.316500008106232,all_total_runs:90|all_finished_runs:75|step2_total_runs:30|step2_finished_runs:26|step3_0_total_runs:20|step3_0_finished_runs:17|step3_1_total_runs:20|step3_1_finished_runs:17|step3_2_total_runs:20|step3_2_finished_runs:15|finished_rate:83.33%,False,"- type: filter.gene
  target: FilterGenesPlaceHolder
  params: {}
- type: normalize
  target: NormalizeTotalLog1P
  params: {}
- type: filter.gene
  target: HighlyVariableGenesLogarithmizedByMeanAndDisp
  params: {}
- type: feature.cell
  params:
    out: feature.cell
    log_level: INFO
    split_name: train
  target: WeightedFeatureSVD
- type: graph.cell
  target: CellFeatureGraph
  params:
    cell_feature_channel: feature.cell
- type: misc
  target: SetConfig
  params:
    config_dict:
      label_channel: cell_type
",0.316500008106232,"step2:https://wandb.ai/xzy11632/dance-dev/sweeps/r33n6nzu|step3:https://wandb.ai/xzy11632/dance-dev/sweeps/r9b3tgxd,https://wandb.ai/xzy11632/dance-dev/sweeps/s2h2acia,https://wandb.ai/xzy11632/dance-dev/sweeps/q47gt98c","- type: filter.gene
  target: FilterGenesPlaceHolder
  params: {}
- type: normalize
  target: ScTransform
  params:
    processes_num: 8
- type: filter.gene
  target: HighlyVariableGenesLogarithmizedByMeanAndDisp
  params: {}
- type: feature.cell
  target: SCNFeature
- type: misc
  target: SetConfig
  params:
    config_dict:
      feature_channel: SCNFeature
      label_channel: cell_type
",0.313,all_total_runs:78|all_finished_runs:15|step2_total_runs:18|step2_finished_runs:15|step3_0_total_runs:20|step3_0_finished_runs:0|step3_1_total_runs:20|step3_1_finished_runs:0|step3_2_total_runs:20|step3_2_finished_runs:0|finished_rate:19.23%,True,"- type: filter.gene
  target: FilterGenesPlaceHolder
  params: {}
- type: normalize
  target: ScTransform
  params:
    processes_num: 8
- type: filter.gene
  target: HighlyVariableGenesLogarithmizedByMeanAndDisp
  params: {}
- type: feature.cell
  target: SCNFeature
- type: misc
  target: SetConfig
  params:
    config_dict:
      feature_channel: SCNFeature
      label_channel: cell_type
",0.313,human,Pancreas,10000,train,train_human_Pancreas37b21763-7f0f-41ae-9001-60bad6e2841d_data.h5ad,https://www.dropbox.com/scl/fi/4saarn2fj0p9m1wz31oqm/human_Pancreas37b21763-7f0f-41ae-9001-60bad6e2841d_data.h5ad?rlkey=at8y4ydgoldzxo45dwd8r5q63&dl=1,37b21763-7f0f-41ae-9001-60bad6e2841d
9c4c8515-8f82-4c72-b0c6-f87647b00bbe_Pancreas,4.0,10000.0,60530.0,1.0,27135698.0,11923.0,['type B pancreatic cell'],['normal'],Pancreas,10000.0,['type B pancreatic cell'],['normal'],"[""10x 3' v2""]","[""10x 3' v2""]",9c4c8515-8f82-4c72-b0c6-f87647b00bbe,0.0,"step2:https://wandb.ai/xzy11632/dance-dev/sweeps/juh9y6pp|step3:https://wandb.ai/xzy11632/dance-dev/sweeps/ea1ssfgt,https://wandb.ai/xzy11632/dance-dev/sweeps/99gjzihe,https://wandb.ai/xzy11632/dance-dev/sweeps/onxnqyem","- type: filter.gene
  target: FilterGenesScanpyOrder
  params:
    order:
    - min_counts
    - min_cells
    - max_counts
    - max_cells
    min_counts: 0.01
    max_counts: 0.99
    min_cells: 0.01
    max_cells: 0.99
- type: normalize
  target: ScaleFeature
  params: {}
- type: filter.gene
  target: HighlyVariableGenesRawCount
  params:
    n_top_genes: 3000
- type: feature.cell
  params:
    out: feature.cell
    log_level: INFO
    split_name: train
  target: WeightedFeatureSVD
- type: misc
  target: SetConfig
  params:
    config_dict:
      feature_channel: feature.cell
      label_channel: cell_type
",1.0,all_total_runs:168|all_finished_runs:118|step2_total_runs:108|step2_finished_runs:77|step3_0_total_runs:20|step3_0_finished_runs:20|step3_1_total_runs:20|step3_1_finished_runs:11|step3_2_total_runs:20|step3_2_finished_runs:10|finished_rate:70.24%,False,"- type: filter.gene
  target: FilterGenesScanpyOrder
  params:
    order:
    - min_counts
    - min_cells
    - max_counts
    - max_cells
    min_counts: 0.01
    max_counts: 0.99
    min_cells: 0.01
    max_cells: 0.99
- type: normalize
  target: ScaleFeature
  params: {}
- type: filter.gene
  target: HighlyVariableGenesRawCount
  params:
    n_top_genes: 3000
- type: feature.cell
  params:
    out: feature.cell
    log_level: INFO
    split_name: train
  target: WeightedFeatureSVD
- type: misc
  target: SetConfig
  params:
    config_dict:
      feature_channel: feature.cell
      label_channel: cell_type
",1.0,,,,,,,,"step2:https://wandb.ai/xzy11632/dance-dev/sweeps/o17xtz6y|step3:https://wandb.ai/xzy11632/dance-dev/sweeps/rcn5ej9f,https://wandb.ai/xzy11632/dance-dev/sweeps/p4i4xdl0,https://wandb.ai/xzy11632/dance-dev/sweeps/7gthe7xq","- type: filter.gene
  target: FilterGenesScanpyOrder
  params:
    order:
    - min_counts
    - min_cells
    - max_counts
    - max_cells
    min_counts: 0.01
    max_counts: 0.99
    min_cells: 0.01
    max_cells: 0.99
- type: normalize
  target: ScaleFeature
  params: {}
- type: filter.gene
  target: HighlyVariableGenesRawCount
  params:
    n_top_genes: 3000
- type: feature.cell
  params:
    out: feature.cell
    log_level: INFO
    split_name: train
  target: WeightedFeatureSVD
- type: graph.cell
  target: CellFeatureGraph
  params:
    cell_feature_channel: feature.cell
- type: misc
  target: SetConfig
  params:
    config_dict:
      label_channel: cell_type
",1.0,all_total_runs:90|all_finished_runs:59|step2_total_runs:30|step2_finished_runs:30|step3_0_total_runs:20|step3_0_finished_runs:17|step3_1_total_runs:20|step3_1_finished_runs:10|step3_2_total_runs:20|step3_2_finished_runs:2|finished_rate:65.56%,False,"- type: filter.gene
  target: FilterGenesScanpyOrder
  params:
    order:
    - min_counts
    - min_cells
    - max_counts
    - max_cells
    min_counts: 0.01
    max_counts: 0.99
    min_cells: 0.01
    max_cells: 0.99
- type: normalize
  target: ScaleFeature
  params: {}
- type: filter.gene
  target: HighlyVariableGenesRawCount
  params:
    n_top_genes: 3000
- type: feature.cell
  params:
    out: feature.cell
    log_level: INFO
    split_name: train
  target: WeightedFeatureSVD
- type: graph.cell
  target: CellFeatureGraph
  params:
    cell_feature_channel: feature.cell
- type: misc
  target: SetConfig
  params:
    config_dict:
      label_channel: cell_type
",1.0,"step2:https://wandb.ai/xzy11632/dance-dev/sweeps/rva943o1|step3:https://wandb.ai/xzy11632/dance-dev/sweeps/vx0jfh03,https://wandb.ai/xzy11632/dance-dev/sweeps/pck4v9dr,https://wandb.ai/xzy11632/dance-dev/sweeps/u15w9ilp","- type: filter.gene
  target: FilterGenesScanpyOrder
  params:
    order:
    - min_counts
    - min_cells
    - max_counts
    - max_cells
    min_counts: 0.01
    max_counts: 0.99
    min_cells: 0.01
    max_cells: 0.99
- type: normalize
  target: ScTransform
  params:
    processes_num: 8
- type: filter.gene
  target: HighlyVariableGenesLogarithmizedByTopGenes
  params:
    n_top_genes: 3000
- type: feature.cell
  target: SCNFeature
- type: misc
  target: SetConfig
  params:
    config_dict:
      feature_channel: SCNFeature
      label_channel: cell_type
",1.0,all_total_runs:78|all_finished_runs:22|step2_total_runs:18|step2_finished_runs:8|step3_0_total_runs:20|step3_0_finished_runs:0|step3_1_total_runs:20|step3_1_finished_runs:8|step3_2_total_runs:20|step3_2_finished_runs:6|finished_rate:28.21%,True,"- type: filter.gene
  target: FilterGenesScanpyOrder
  params:
    order:
    - min_counts
    - min_cells
    - max_counts
    - max_cells
    min_counts: 0.01
    max_counts: 0.99
    min_cells: 0.01
    max_cells: 0.99
- type: normalize
  target: ScTransform
  params:
    processes_num: 8
- type: filter.gene
  target: HighlyVariableGenesLogarithmizedByTopGenes
  params:
    n_top_genes: 3000
- type: feature.cell
  target: SCNFeature
- type: misc
  target: SetConfig
  params:
    config_dict:
      feature_channel: SCNFeature
      label_channel: cell_type
",1.0,human,Pancreas,10000,train,train_human_Pancreas9c4c8515-8f82-4c72-b0c6-f87647b00bbe_data.h5ad,https://www.dropbox.com/scl/fi/xie7wdjl99rijwubmkm8v/human_Pancreas9c4c8515-8f82-4c72-b0c6-f87647b00bbe_data.h5ad?rlkey=ev0t2j0oug6jn5lx3217nfilv&dl=1,9c4c8515-8f82-4c72-b0c6-f87647b00bbe
fa27492b-82ff-4ab7-ac61-0e2b184eee67_Pancreas,5.0,10000.0,60530.0,13.0,6006727.0,11291.0,"['acinar cell', 'endocrine cell', 'endothelial cell of lymphatic vessel', 'endothelial cell of vascular tree', 'enteric neuron', 'erythroblast', 'glial cell', 'innate lymphoid cell', 'mesothelial cell', 'myeloid cell', 'pancreatic ductal cell', 'smooth muscle cell', 'stromal cell']",['normal'],Pancreas,10000.0,"['acinar cell', 'endocrine cell', 'endothelial cell of lymphatic vessel', 'endothelial cell of vascular tree', 'enteric neuron', 'erythroblast', 'glial cell', 'innate lymphoid cell', 'mesothelial cell', 'myeloid cell', 'pancreatic ductal cell', 'smooth muscle cell', 'stromal cell']",['normal'],['sci-RNA-seq'],['sci-RNA-seq'],fa27492b-82ff-4ab7-ac61-0e2b184eee67,0.0,"step2:https://wandb.ai/xzy11632/dance-dev/sweeps/zf8bgei9|step3:https://wandb.ai/xzy11632/dance-dev/sweeps/nyamsqa0,https://wandb.ai/xzy11632/dance-dev/sweeps/t2olhww8,https://wandb.ai/xzy11632/dance-dev/sweeps/z8cm8tqh","- type: filter.gene
  target: FilterGenesScanpyOrder
  params:
    order:
    - min_counts
    - min_cells
    - max_counts
    - max_cells
    min_counts: 0.01
    max_counts: 0.99
    min_cells: 0.01
    max_cells: 0.99
- type: normalize
  target: Log1P
  params: {}
- type: filter.gene
  target: FilterGenesRegression
  params:
    num_genes: 3000
- type: feature.cell
  params:
    out: feature.cell
    log_level: INFO
    split_name: train
  target: WeightedFeaturePCA
- type: misc
  target: SetConfig
  params:
    config_dict:
      feature_channel: feature.cell
      label_channel: cell_type
",0.258500009775162,all_total_runs:168|all_finished_runs:155|step2_total_runs:108|step2_finished_runs:100|step3_0_total_runs:20|step3_0_finished_runs:20|step3_1_total_runs:20|step3_1_finished_runs:19|step3_2_total_runs:20|step3_2_finished_runs:16|finished_rate:92.26%,False,"- type: filter.gene
  target: FilterGenesScanpyOrder
  params:
    order:
    - min_counts
    - min_cells
    - max_counts
    - max_cells
    min_counts: 0.01
    max_counts: 0.99
    min_cells: 0.01
    max_cells: 0.99
- type: normalize
  target: Log1P
  params: {}
- type: filter.gene
  target: FilterGenesRegression
  params:
    num_genes: 3000
- type: feature.cell
  params:
    out: feature.cell
    log_level: INFO
    split_name: train
  target: WeightedFeaturePCA
- type: misc
  target: SetConfig
  params:
    config_dict:
      feature_channel: feature.cell
      label_channel: cell_type
",0.258500009775162,"step2:https://wandb.ai/xzy11632/dance-dev/sweeps/hfjsv44c|step3:https://wandb.ai/xzy11632/dance-dev/sweeps/lr2bypb4,https://wandb.ai/xzy11632/dance-dev/sweeps/tq58q9by,https://wandb.ai/xzy11632/dance-dev/sweeps/jrdq30b9","- type: filter.gene
  target: FilterGenesPlaceHolder
  params: {}
- type: normalize
  target: ScaleFeature
  params: {}
- type: filter.gene
  target: FilterGenesTopK
  params:
    num_genes: 3000
- type: feature.cell
  params:
    out: feature.cell
    log_level: INFO
    split_name: train
  target: WeightedFeatureSVD
- type: misc
  target: SetConfig
  params:
    config_dict:
      feature_channel: feature.cell
      label_channel: cell_type
",0.245000004768372,all_total_runs:150|all_finished_runs:146|step2_total_runs:90|step2_finished_runs:87|step3_0_total_runs:20|step3_0_finished_runs:19|step3_1_total_runs:20|step3_1_finished_runs:20|step3_2_total_runs:20|step3_2_finished_runs:20|finished_rate:97.33%,0.0,"- type: filter.gene
  target: FilterGenesPlaceHolder
  params: {}
- type: normalize
  target: ScaleFeature
  params: {}
- type: filter.gene
  target: FilterGenesTopK
  params:
    num_genes: 3000
- type: feature.cell
  params:
    out: feature.cell
    log_level: INFO
    split_name: train
  target: WeightedFeatureSVD
- type: misc
  target: SetConfig
  params:
    config_dict:
      feature_channel: feature.cell
      label_channel: cell_type
",0.245000004768372,"step2:https://wandb.ai/xzy11632/dance-dev/sweeps/2new9ifb|step3:https://wandb.ai/xzy11632/dance-dev/sweeps/trbdd6ds,https://wandb.ai/xzy11632/dance-dev/sweeps/f6qpfws3,https://wandb.ai/xzy11632/dance-dev/sweeps/letyywvz","- type: filter.gene
  target: FilterGenesPlaceHolder
- type: normalize
  target: ScaleFeature
  params:
    mode: l2
    eps: 0.5
- type: filter.gene
  target: HighlyVariableGenesRawCount
  params:
    n_top_genes: 9367
    span: 0.3684601623623376
- type: feature.cell
  target: WeightedFeatureSVD
  params:
    out: feature.cell
    log_level: INFO
    n_components: 821
    feat_norm_mode: l2
- type: graph.cell
  target: CellFeatureGraph
  params:
    cell_feature_channel: feature.cell
- type: misc
  target: SetConfig
  params:
    config_dict:
      label_channel: cell_type
",0.247500002384186,all_total_runs:90|all_finished_runs:72|step2_total_runs:30|step2_finished_runs:28|step3_0_total_runs:20|step3_0_finished_runs:19|step3_1_total_runs:20|step3_1_finished_runs:10|step3_2_total_runs:20|step3_2_finished_runs:15|finished_rate:80.00%,False,"- type: filter.gene
  target: FilterGenesPercentile
  params: {}
- type: normalize
  target: Log1P
  params: {}
- type: filter.gene
  target: FilterGenesRegression
  params:
    num_genes: 3000
- type: feature.cell
  params:
    out: feature.cell
    log_level: INFO
    split_name: train
  target: WeightedFeatureSVD
- type: graph.cell
  target: CellFeatureGraph
  params:
    cell_feature_channel: feature.cell
- type: misc
  target: SetConfig
  params:
    config_dict:
      label_channel: cell_type
",0.24549999833107,"step2:https://wandb.ai/xzy11632/dance-dev/sweeps/a0oq58q4|step3:https://wandb.ai/xzy11632/dance-dev/sweeps/wmwrem97,https://wandb.ai/xzy11632/dance-dev/sweeps/y52571sf,https://wandb.ai/xzy11632/dance-dev/sweeps/at825xl6","- type: filter.gene
  target: FilterGenesPlaceHolder
  params: {}
- type: normalize
  target: ScTransform
  params:
    processes_num: 8
- type: filter.gene
  target: HighlyVariableGenesLogarithmizedByMeanAndDisp
  params: {}
- type: feature.cell
  target: SCNFeature
- type: misc
  target: SetConfig
  params:
    config_dict:
      feature_channel: SCNFeature
      label_channel: cell_type
",0.252,all_total_runs:78|all_finished_runs:36|step2_total_runs:18|step2_finished_runs:14|step3_0_total_runs:20|step3_0_finished_runs:0|step3_1_total_runs:20|step3_1_finished_runs:2|step3_2_total_runs:20|step3_2_finished_runs:20|finished_rate:46.15%,True,"- type: filter.gene
  target: FilterGenesPlaceHolder
  params: {}
- type: normalize
  target: ScTransform
  params:
    processes_num: 8
- type: filter.gene
  target: HighlyVariableGenesLogarithmizedByMeanAndDisp
  params: {}
- type: feature.cell
  target: SCNFeature
- type: misc
  target: SetConfig
  params:
    config_dict:
      feature_channel: SCNFeature
      label_channel: cell_type
",0.252,human,Pancreas,10000,train,train_human_Pancreasfa27492b-82ff-4ab7-ac61-0e2b184eee67(Pancreas)_data.h5ad,https://www.dropbox.com/scl/fi/m57p32xedb57iy039t2u7/human_Pancreasfa27492b-82ff-4ab7-ac61-0e2b184eee67-Pancreas-_data.h5ad?rlkey=biux7hptrp8dkiu4bt5xsibdh&st=aryynwxa&dl=1,fa27492b-82ff-4ab7-ac61-0e2b184eee67
b07e5164-baf6-43d2-bdba-5a249d0da879_Pancreas,9.0,2126.0,60530.0,10.0,9437235.0,2126.0,"['endothelial cell', 'mesenchymal cell', 'pancreatic A cell', 'pancreatic D cell', 'pancreatic PP cell', 'pancreatic acinar cell', 'pancreatic ductal cell', 'pancreatic endocrine cell', 'pancreatic epsilon cell', 'type B pancreatic cell']",['normal'],Pancreas,,,,['CEL-seq2'],,b07e5164-baf6-43d2-bdba-5a249d0da879,0.0,"step2:https://wandb.ai/xzy11632/dance-dev/sweeps/e9xfpern|step3:https://wandb.ai/xzy11632/dance-dev/sweeps/luglfvme,https://wandb.ai/xzy11632/dance-dev/sweeps/tp58aixs,https://wandb.ai/xzy11632/dance-dev/sweeps/g2dqcvgm","- type: filter.gene
  target: FilterGenesPlaceHolder
  params: {}
- type: normalize
  target: ScaleFeature
  params: {}
- type: filter.gene
  target: FilterGenesNumberPlaceHolder
  params: {}
- type: feature.cell
  params:
    out: feature.cell
    log_level: INFO
  target: GaussRandProjFeature
- type: misc
  target: SetConfig
  params:
    config_dict:
      feature_channel: feature.cell
      label_channel: cell_type
",0.392018765211105,all_total_runs:154|all_finished_runs:121|step2_total_runs:108|step2_finished_runs:100|step3_0_total_runs:20|step3_0_finished_runs:5|step3_1_total_runs:20|step3_1_finished_runs:16|step3_2_total_runs:6|step3_2_finished_runs:0|finished_rate:78.57%,False,"- type: filter.gene
  target: FilterGenesPlaceHolder
  params: {}
- type: normalize
  target: ScaleFeature
  params: {}
- type: filter.gene
  target: FilterGenesNumberPlaceHolder
  params: {}
- type: feature.cell
  params:
    out: feature.cell
    log_level: INFO
  target: GaussRandProjFeature
- type: misc
  target: SetConfig
  params:
    config_dict:
      feature_channel: feature.cell
      label_channel: cell_type
",0.392018765211105,"step2:https://wandb.ai/xzy11632/dance-dev/sweeps/3nw8wjwn|step3:https://wandb.ai/xzy11632/dance-dev/sweeps/duhfsnmr,https://wandb.ai/xzy11632/dance-dev/sweeps/dpghi790,https://wandb.ai/xzy11632/dance-dev/sweeps/8rchqzor","- type: filter.gene
  target: FilterGenesPlaceHolder
  params: {}
- type: normalize
  target: ScaleFeature
  params: {}
- type: filter.gene
  target: FilterGenesRegression
  params:
    num_genes: 3000
- type: feature.cell
  params:
    out: feature.cell
    log_level: INFO
  target: FeatureCellPlaceHolder
- type: misc
  target: SetConfig
  params:
    config_dict:
      feature_channel: feature.cell
      label_channel: cell_type
",0.384976536035538,all_total_runs:133|all_finished_runs:100|step2_total_runs:90|step2_finished_runs:77|step3_0_total_runs:20|step3_0_finished_runs:3|step3_1_total_runs:3|step3_1_finished_runs:0|step3_2_total_runs:20|step3_2_finished_runs:20|finished_rate:75.19%,0.0,"- type: filter.gene
  target: FilterGenesPlaceHolder
  params: {}
- type: normalize
  target: ScaleFeature
  params: {}
- type: filter.gene
  target: FilterGenesRegression
  params:
    num_genes: 3000
- type: feature.cell
  params:
    out: feature.cell
    log_level: INFO
  target: FeatureCellPlaceHolder
- type: misc
  target: SetConfig
  params:
    config_dict:
      feature_channel: feature.cell
      label_channel: cell_type
",0.384976536035538,step2:https://wandb.ai/xzy11632/dance-dev/sweeps/33vv8370|step3:https://wandb.ai/xzy11632/dance-dev/sweeps/b4c337im,"- type: filter.gene
  target: FilterGenesPercentile
  params: {}
- type: normalize
  target: NormalizeTotalLog1P
  params: {}
- type: filter.gene
  target: FilterGenesRegression
  params:
    num_genes: 3000
- type: feature.cell
  params:
    out: feature.cell
    log_level: INFO
    split_name: train
  target: WeightedFeatureSVD
- type: graph.cell
  target: CellFeatureGraph
  params:
    cell_feature_channel: feature.cell
- type: misc
  target: SetConfig
  params:
    config_dict:
      label_channel: cell_type
",0.399061024188995,all_total_runs:50|all_finished_runs:50|step2_total_runs:30|step2_finished_runs:30|step3_0_total_runs:20|step3_0_finished_runs:20|finished_rate:100.00%,False,"- type: filter.gene
  target: FilterGenesPercentile
  params: {}
- type: normalize
  target: NormalizeTotalLog1P
  params: {}
- type: filter.gene
  target: FilterGenesRegression
  params:
    num_genes: 3000
- type: feature.cell
  params:
    out: feature.cell
    log_level: INFO
    split_name: train
  target: WeightedFeatureSVD
- type: graph.cell
  target: CellFeatureGraph
  params:
    cell_feature_channel: feature.cell
- type: misc
  target: SetConfig
  params:
    config_dict:
      label_channel: cell_type
",0.399061024188995,"step2:https://wandb.ai/xzy11632/dance-dev/sweeps/gnzsrv2z|step3:https://wandb.ai/xzy11632/dance-dev/sweeps/l7saihcu,https://wandb.ai/xzy11632/dance-dev/sweeps/pp7xew71,https://wandb.ai/xzy11632/dance-dev/sweeps/dfv1py4h","- type: filter.gene
  target: FilterGenesScanpyOrder
  params:
    order:
    - min_counts
    - min_cells
    - max_counts
    - max_cells
    min_counts: 0.01
    max_counts: 0.99
    min_cells: 0.01
    max_cells: 0.99
- type: normalize
  target: NormalizeTotal
  params: {}
- type: filter.gene
  target: HighlyVariableGenesRawCount
  params:
    n_top_genes: 3000
- type: feature.cell
  target: SCNFeature
- type: misc
  target: SetConfig
  params:
    config_dict:
      feature_channel: SCNFeature
      label_channel: cell_type
",0.392018779342723,all_total_runs:78|all_finished_runs:74|step2_total_runs:18|step2_finished_runs:17|step3_0_total_runs:20|step3_0_finished_runs:19|step3_1_total_runs:20|step3_1_finished_runs:18|step3_2_total_runs:20|step3_2_finished_runs:20|finished_rate:94.87%,False,"- type: filter.gene
  target: FilterGenesScanpyOrder
  params:
    order:
    - min_counts
    - min_cells
    - max_counts
    - max_cells
    min_counts: 0.01
    max_counts: 0.99
    min_cells: 0.01
    max_cells: 0.99
- type: normalize
  target: NormalizeTotal
  params: {}
- type: filter.gene
  target: HighlyVariableGenesRawCount
  params:
    n_top_genes: 3000
- type: feature.cell
  target: SCNFeature
- type: misc
  target: SetConfig
  params:
    config_dict:
      feature_channel: SCNFeature
      label_channel: cell_type
",0.392018779342723,human,Pancreas,2126,train,train_human_Pancreasb07e5164-baf6-43d2-bdba-5a249d0da879_data.h5ad,https://www.dropbox.com/scl/fi/eklbb3ecg87j4ioh7j3yj/human_Pancreasb07e5164-baf6-43d2-bdba-5a249d0da879_data.h5ad?rlkey=d4rjld6ngijy8ozavipf62k7j&dl=1,b07e5164-baf6-43d2-bdba-5a249d0da879
c5d88abe-f23a-45fa-a534-788985e93dad_Pancreas,10.0,2742.0,60530.0,6.0,7611531.0,2742.0,"['B cell', 'T cell', 'mast cell', 'mature NK T cell', 'myeloid cell', 'plasma cell']",['normal'],Pancreas,,,,"[""10x 3' v3"", 'Smart-seq2']",,c5d88abe-f23a-45fa-a534-788985e93dad,0.0,"step2:https://wandb.ai/xzy11632/dance-dev/sweeps/vschx9fs|step3:https://wandb.ai/xzy11632/dance-dev/sweeps/u2bgrdbg,https://wandb.ai/xzy11632/dance-dev/sweeps/uc9lyj3x,https://wandb.ai/xzy11632/dance-dev/sweeps/by1xi537","- type: filter.gene
  target: FilterGenesPlaceHolder
  params: {}
- type: normalize
  target: NormalizeTotalLog1P
  params: {}
- type: filter.gene
  target: HighlyVariableGenesLogarithmizedByTopGenes
  params:
    n_top_genes: 3000
- type: feature.cell
  params:
    out: feature.cell
    log_level: INFO
    split_name: train
  target: WeightedFeatureSVD
- type: misc
  target: SetConfig
  params:
    config_dict:
      feature_channel: feature.cell
      label_channel: cell_type
",0.652094721794128,all_total_runs:154|all_finished_runs:124|step2_total_runs:108|step2_finished_runs:103|step3_0_total_runs:6|step3_0_finished_runs:0|step3_1_total_runs:20|step3_1_finished_runs:1|step3_2_total_runs:20|step3_2_finished_runs:20|finished_rate:80.52%,False,"- type: filter.gene
  target: FilterGenesPlaceHolder
  params: {}
- type: normalize
  target: NormalizeTotalLog1P
  params: {}
- type: filter.gene
  target: HighlyVariableGenesLogarithmizedByTopGenes
  params:
    n_top_genes: 3000
- type: feature.cell
  params:
    out: feature.cell
    log_level: INFO
    split_name: train
  target: WeightedFeatureSVD
- type: misc
  target: SetConfig
  params:
    config_dict:
      feature_channel: feature.cell
      label_channel: cell_type
",0.652094721794128,"step2:https://wandb.ai/xzy11632/dance-dev/sweeps/x2zsg69i|step3:https://wandb.ai/xzy11632/dance-dev/sweeps/y01rz3pb,https://wandb.ai/xzy11632/dance-dev/sweeps/ukyigqy8,https://wandb.ai/xzy11632/dance-dev/sweeps/gqwbcyfy","- type: filter.gene
  target: FilterGenesScanpyOrder
  params:
    order:
    - max_cells
    - max_counts
    - min_cells
    - min_counts
    min_counts: 41
    min_cells: 0.07251868542470304
    max_counts: 0.985217667095442
    max_cells: 0.9728474892892788
- type: normalize
  target: NormalizeTotalLog1P
  params:
    base: 9.48833382830833
    target_sum: 1000000
    max_fraction: 1
- type: filter.gene
  target: FilterGenesRegression
  params:
    method: enclasc
    num_genes: 9234
- type: feature.cell
  target: FeatureCellPlaceHolder
  params:
    out: feature.cell
    log_level: INFO
- type: misc
  target: SetConfig
  params:
    config_dict:
      feature_channel: feature.cell
      label_channel: cell_type
",0.661202192306519,all_total_runs:150|all_finished_runs:143|step2_total_runs:90|step2_finished_runs:84|step3_0_total_runs:20|step3_0_finished_runs:20|step3_1_total_runs:20|step3_1_finished_runs:19|step3_2_total_runs:20|step3_2_finished_runs:20|finished_rate:95.33%,0.0,"- type: filter.gene
  target: FilterGenesPlaceHolder
  params: {}
- type: normalize
  target: ScaleFeature
  params: {}
- type: filter.gene
  target: FilterGenesTopK
  params:
    num_genes: 3000
- type: feature.cell
  params:
    out: feature.cell
    log_level: INFO
    split_name: train
  target: WeightedFeaturePCA
- type: misc
  target: SetConfig
  params:
    config_dict:
      feature_channel: feature.cell
      label_channel: cell_type
",0.659380674362183,"step2:https://wandb.ai/xzy11632/dance-dev/sweeps/fd5zb8o1|step3:https://wandb.ai/xzy11632/dance-dev/sweeps/edm7qr36,https://wandb.ai/xzy11632/dance-dev/sweeps/c8td9i2x,https://wandb.ai/xzy11632/dance-dev/sweeps/jm7znk95","- type: filter.gene
  target: FilterGenesPercentile
  params:
    min_val: 2
    max_val: 99
    mode: rv
- type: normalize
  target: NormalizePlaceHolder
- type: filter.gene
  target: FilterGenesRegression
  params:
    method: seurat3
    num_genes: 412
- type: feature.cell
  target: WeightedFeaturePCA
  params:
    out: feature.cell
    log_level: INFO
    n_components: 103
    feat_norm_mode: l2
- type: graph.cell
  target: CellFeatureGraph
  params:
    cell_feature_channel: feature.cell
- type: misc
  target: SetConfig
  params:
    config_dict:
      label_channel: cell_type
",0.661202192306519,all_total_runs:90|all_finished_runs:89|step2_total_runs:30|step2_finished_runs:29|step3_0_total_runs:20|step3_0_finished_runs:20|step3_1_total_runs:20|step3_1_finished_runs:20|step3_2_total_runs:20|step3_2_finished_runs:20|finished_rate:98.89%,False,"- type: filter.gene
  target: FilterGenesScanpyOrder
  params:
    order:
    - min_counts
    - min_cells
    - max_counts
    - max_cells
    min_counts: 0.01
    max_counts: 0.99
    min_cells: 0.01
    max_cells: 0.99
- type: normalize
  target: ScaleFeature
  params: {}
- type: filter.gene
  target: HighlyVariableGenesRawCount
  params:
    n_top_genes: 3000
- type: feature.cell
  params:
    out: feature.cell
    log_level: INFO
    split_name: train
  target: WeightedFeatureSVD
- type: graph.cell
  target: CellFeatureGraph
  params:
    cell_feature_channel: feature.cell
- type: misc
  target: SetConfig
  params:
    config_dict:
      label_channel: cell_type
",0.659380674362183,"step2:https://wandb.ai/xzy11632/dance-dev/sweeps/4w9pihmn|step3:https://wandb.ai/xzy11632/dance-dev/sweeps/bv784dyb,https://wandb.ai/xzy11632/dance-dev/sweeps/8zqmv9a7,https://wandb.ai/xzy11632/dance-dev/sweeps/1ukbzuov","- type: filter.gene
  target: FilterGenesScanpyOrder
  params:
    order:
    - min_counts
    - min_cells
    - max_counts
    - max_cells
    min_counts: 0.01
    max_counts: 0.99
    min_cells: 0.01
    max_cells: 0.99
- type: normalize
  target: ScaleFeature
  params: {}
- type: filter.gene
  target: FilterGenesNumberPlaceHolder
  params: {}
- type: feature.cell
  target: SCNFeature
- type: misc
  target: SetConfig
  params:
    config_dict:
      feature_channel: SCNFeature
      label_channel: cell_type
",0.723132969034608,all_total_runs:78|all_finished_runs:75|step2_total_runs:18|step2_finished_runs:15|step3_0_total_runs:20|step3_0_finished_runs:20|step3_1_total_runs:20|step3_1_finished_runs:20|step3_2_total_runs:20|step3_2_finished_runs:20|finished_rate:96.15%,False,"- type: filter.gene
  target: FilterGenesScanpyOrder
  params:
    order:
    - min_counts
    - min_cells
    - max_counts
    - max_cells
    min_counts: 0.01
    max_counts: 0.99
    min_cells: 0.01
    max_cells: 0.99
- type: normalize
  target: ScaleFeature
  params: {}
- type: filter.gene
  target: FilterGenesNumberPlaceHolder
  params: {}
- type: feature.cell
  target: SCNFeature
- type: misc
  target: SetConfig
  params:
    config_dict:
      feature_channel: SCNFeature
      label_channel: cell_type
",0.723132969034608,human,Pancreas,2742,train,train_human_Pancreasc5d88abe-f23a-45fa-a534-788985e93dad(Pancreas)_data.h5ad,https://www.dropbox.com/scl/fi/wkmrwsu12z50p10knvhij/human_Pancreasc5d88abe-f23a-45fa-a534-788985e93dad-Pancreas-_data.h5ad?rlkey=k4uaaq8dj1glvwjtw7dguhffu&st=832t3phu&dl=1,c5d88abe-f23a-45fa-a534-788985e93dad
a68b64d8-aee3-4947-81b7-36b8fe5a44d2_Pancreas,11.0,440.0,60530.0,2.0,1460107.0,440.0,"['fibroblast', 'pancreatic stellate cell']",['normal'],Pancreas,,,,"[""10x 3' v3"", 'Smart-seq2']",,a68b64d8-aee3-4947-81b7-36b8fe5a44d2,0.0,"step2:https://wandb.ai/xzy11632/dance-dev/sweeps/ripcuq4i|step3:https://wandb.ai/xzy11632/dance-dev/sweeps/s2nocvqy,https://wandb.ai/xzy11632/dance-dev/sweeps/99q4z21h,https://wandb.ai/xzy11632/dance-dev/sweeps/qsnhofk0","- type: filter.gene
  target: FilterGenesPlaceHolder
  params: {}
- type: normalize
  target: NormalizeTotalLog1P
  params: {}
- type: filter.gene
  target: FilterGenesNumberPlaceHolder
  params: {}
- type: feature.cell
  params:
    out: feature.cell
    log_level: INFO
  target: GaussRandProjFeature
- type: misc
  target: SetConfig
  params:
    config_dict:
      feature_channel: feature.cell
      label_channel: cell_type
",0.943181812763214,all_total_runs:154|all_finished_runs:144|step2_total_runs:108|step2_finished_runs:106|step3_0_total_runs:20|step3_0_finished_runs:18|step3_1_total_runs:20|step3_1_finished_runs:20|step3_2_total_runs:6|step3_2_finished_runs:0|finished_rate:93.51%,False,"- type: filter.gene
  target: FilterGenesPlaceHolder
  params: {}
- type: normalize
  target: NormalizeTotalLog1P
  params: {}
- type: filter.gene
  target: FilterGenesNumberPlaceHolder
  params: {}
- type: feature.cell
  params:
    out: feature.cell
    log_level: INFO
  target: GaussRandProjFeature
- type: misc
  target: SetConfig
  params:
    config_dict:
      feature_channel: feature.cell
      label_channel: cell_type
",0.943181812763214,"step2:https://wandb.ai/xzy11632/dance-dev/sweeps/07ct6by4|step3:https://wandb.ai/xzy11632/dance-dev/sweeps/p89v6e88,https://wandb.ai/xzy11632/dance-dev/sweeps/pis1cpzd,https://wandb.ai/xzy11632/dance-dev/sweeps/09esr80z","- type: filter.gene
  target: FilterGenesScanpyOrder
  params:
    order:
    - min_counts
    - min_cells
    - max_counts
    - max_cells
    min_counts: 0.01
    max_counts: 0.99
    min_cells: 0.01
    max_cells: 0.99
- type: normalize
  target: NormalizeTotal
  params: {}
- type: filter.gene
  target: FilterGenesRegression
  params:
    num_genes: 3000
- type: feature.cell
  params:
    out: feature.cell
    log_level: INFO
    split_name: train
  target: WeightedFeatureSVD
- type: misc
  target: SetConfig
  params:
    config_dict:
      feature_channel: feature.cell
      label_channel: cell_type
",0.909090936183929,all_total_runs:116|all_finished_runs:86|step2_total_runs:90|step2_finished_runs:83|step3_0_total_runs:3|step3_0_finished_runs:0|step3_1_total_runs:3|step3_1_finished_runs:0|step3_2_total_runs:20|step3_2_finished_runs:3|finished_rate:74.14%,0.0,"- type: filter.gene
  target: FilterGenesScanpyOrder
  params:
    order:
    - min_counts
    - min_cells
    - max_counts
    - max_cells
    min_counts: 0.01
    max_counts: 0.99
    min_cells: 0.01
    max_cells: 0.99
- type: normalize
  target: NormalizeTotal
  params: {}
- type: filter.gene
  target: FilterGenesRegression
  params:
    num_genes: 3000
- type: feature.cell
  params:
    out: feature.cell
    log_level: INFO
    split_name: train
  target: WeightedFeatureSVD
- type: misc
  target: SetConfig
  params:
    config_dict:
      feature_channel: feature.cell
      label_channel: cell_type
",0.909090936183929,"step2:https://wandb.ai/xzy11632/dance-dev/sweeps/assedu10|step3:https://wandb.ai/xzy11632/dance-dev/sweeps/29hfyo0h,https://wandb.ai/xzy11632/dance-dev/sweeps/c3fynhun,https://wandb.ai/xzy11632/dance-dev/sweeps/wdpr3z29","- type: filter.gene
  target: FilterGenesPlaceHolder
  params: {}
- type: normalize
  target: NormalizeTotal
  params: {}
- type: filter.gene
  target: HighlyVariableGenesRawCount
  params:
    n_top_genes: 3000
- type: feature.cell
  params:
    out: feature.cell
    log_level: INFO
    split_name: train
  target: WeightedFeaturePCA
- type: graph.cell
  target: CellFeatureGraph
  params:
    cell_feature_channel: feature.cell
- type: misc
  target: SetConfig
  params:
    config_dict:
      label_channel: cell_type
",0.909090936183929,all_total_runs:73|all_finished_runs:62|step2_total_runs:30|step2_finished_runs:29|step3_0_total_runs:3|step3_0_finished_runs:0|step3_1_total_runs:20|step3_1_finished_runs:18|step3_2_total_runs:20|step3_2_finished_runs:15|finished_rate:84.93%,False,"- type: filter.gene
  target: FilterGenesPlaceHolder
  params: {}
- type: normalize
  target: NormalizeTotal
  params: {}
- type: filter.gene
  target: HighlyVariableGenesRawCount
  params:
    n_top_genes: 3000
- type: feature.cell
  params:
    out: feature.cell
    log_level: INFO
    split_name: train
  target: WeightedFeaturePCA
- type: graph.cell
  target: CellFeatureGraph
  params:
    cell_feature_channel: feature.cell
- type: misc
  target: SetConfig
  params:
    config_dict:
      label_channel: cell_type
",0.909090936183929,"step2:https://wandb.ai/xzy11632/dance-dev/sweeps/2xa24i32|step3:https://wandb.ai/xzy11632/dance-dev/sweeps/22rl4wyk,https://wandb.ai/xzy11632/dance-dev/sweeps/9vjfby19,https://wandb.ai/xzy11632/dance-dev/sweeps/b5hpqcz9","- type: filter.gene
  target: FilterGenesScanpyOrder
  params:
    order:
    - min_counts
    - min_cells
    - max_counts
    - max_cells
    min_counts: 0.01
    max_counts: 0.99
    min_cells: 0.01
    max_cells: 0.99
- type: normalize
  target: ScTransform
  params:
    processes_num: 8
- type: filter.gene
  target: HighlyVariableGenesRawCount
  params:
    n_top_genes: 3000
- type: feature.cell
  target: SCNFeature
- type: misc
  target: SetConfig
  params:
    config_dict:
      feature_channel: SCNFeature
      label_channel: cell_type
",0.920454545454545,all_total_runs:78|all_finished_runs:45|step2_total_runs:18|step2_finished_runs:15|step3_0_total_runs:20|step3_0_finished_runs:8|step3_1_total_runs:20|step3_1_finished_runs:8|step3_2_total_runs:20|step3_2_finished_runs:14|finished_rate:57.69%,True,"- type: filter.gene
  target: FilterGenesScanpyOrder
  params:
    order:
    - min_counts
    - min_cells
    - max_counts
    - max_cells
    min_counts: 0.01
    max_counts: 0.99
    min_cells: 0.01
    max_cells: 0.99
- type: normalize
  target: ScTransform
  params:
    processes_num: 8
- type: filter.gene
  target: HighlyVariableGenesRawCount
  params:
    n_top_genes: 3000
- type: feature.cell
  target: SCNFeature
- type: misc
  target: SetConfig
  params:
    config_dict:
      feature_channel: SCNFeature
      label_channel: cell_type
",0.920454545454545,human,Pancreas,440,train,train_human_Pancreasa68b64d8-aee3-4947-81b7-36b8fe5a44d2(Pancreas)_data.h5ad,https://www.dropbox.com/scl/fi/96fmfcse1tkek9fmt3l9i/human_Pancreasa68b64d8-aee3-4947-81b7-36b8fe5a44d2-Pancreas-_data.h5ad?rlkey=iblncgxaczniac0tdhwluv3hd&st=2puzd9so&dl=1,a68b64d8-aee3-4947-81b7-36b8fe5a44d2
5a11f879-d1ef-458a-910c-9b0bdfca5ebf_Pancreas,12.0,2100.0,60530.0,1.0,6035125.0,2100.0,['endothelial cell'],['normal'],Pancreas,,,,"[""10x 3' v3"", 'Smart-seq2']",,5a11f879-d1ef-458a-910c-9b0bdfca5ebf,0.0,"step2:https://wandb.ai/xzy11632/dance-dev/sweeps/e1k6yrge|step3:https://wandb.ai/xzy11632/dance-dev/sweeps/kbbf76dc,https://wandb.ai/xzy11632/dance-dev/sweeps/n0v3k3qz,https://wandb.ai/xzy11632/dance-dev/sweeps/37nxoypt","- type: filter.gene
  target: FilterGenesScanpyOrder
  params:
    order:
    - min_counts
    - min_cells
    - max_counts
    - max_cells
    min_counts: 0.01
    max_counts: 0.99
    min_cells: 0.01
    max_cells: 0.99
- type: normalize
  target: ScaleFeature
  params: {}
- type: filter.gene
  target: HighlyVariableGenesRawCount
  params:
    n_top_genes: 3000
- type: feature.cell
  params:
    out: feature.cell
    log_level: INFO
    split_name: train
  target: WeightedFeatureSVD
- type: misc
  target: SetConfig
  params:
    config_dict:
      feature_channel: feature.cell
      label_channel: cell_type
",1.0,all_total_runs:168|all_finished_runs:150|step2_total_runs:108|step2_finished_runs:103|step3_0_total_runs:20|step3_0_finished_runs:20|step3_1_total_runs:20|step3_1_finished_runs:13|step3_2_total_runs:20|step3_2_finished_runs:14|finished_rate:89.29%,False,"- type: filter.gene
  target: FilterGenesScanpyOrder
  params:
    order:
    - min_counts
    - min_cells
    - max_counts
    - max_cells
    min_counts: 0.01
    max_counts: 0.99
    min_cells: 0.01
    max_cells: 0.99
- type: normalize
  target: ScaleFeature
  params: {}
- type: filter.gene
  target: HighlyVariableGenesRawCount
  params:
    n_top_genes: 3000
- type: feature.cell
  params:
    out: feature.cell
    log_level: INFO
    split_name: train
  target: WeightedFeatureSVD
- type: misc
  target: SetConfig
  params:
    config_dict:
      feature_channel: feature.cell
      label_channel: cell_type
",1.0,,,,,,,,"step2:https://wandb.ai/xzy11632/dance-dev/sweeps/hoalc4xb|step3:https://wandb.ai/xzy11632/dance-dev/sweeps/x64zefn5,https://wandb.ai/xzy11632/dance-dev/sweeps/63cex3aq,https://wandb.ai/xzy11632/dance-dev/sweeps/ujdgmzkp","- type: filter.gene
  target: FilterGenesScanpyOrder
  params:
    order:
    - min_counts
    - min_cells
    - max_counts
    - max_cells
    min_counts: 0.01
    max_counts: 0.99
    min_cells: 0.01
    max_cells: 0.99
- type: normalize
  target: ScTransform
  params:
    processes_num: 8
- type: filter.gene
  target: FilterGenesRegression
  params:
    num_genes: 3000
- type: feature.cell
  params:
    out: feature.cell
    log_level: INFO
    split_name: train
  target: WeightedFeaturePCA
- type: graph.cell
  target: CellFeatureGraph
  params:
    cell_feature_channel: feature.cell
- type: misc
  target: SetConfig
  params:
    config_dict:
      label_channel: cell_type
",1.0,all_total_runs:73|all_finished_runs:65|step2_total_runs:30|step2_finished_runs:25|step3_0_total_runs:3|step3_0_finished_runs:0|step3_1_total_runs:20|step3_1_finished_runs:20|step3_2_total_runs:20|step3_2_finished_runs:20|finished_rate:89.04%,False,"- type: filter.gene
  target: FilterGenesScanpyOrder
  params:
    order:
    - min_counts
    - min_cells
    - max_counts
    - max_cells
    min_counts: 0.01
    max_counts: 0.99
    min_cells: 0.01
    max_cells: 0.99
- type: normalize
  target: ScTransform
  params:
    processes_num: 8
- type: filter.gene
  target: FilterGenesRegression
  params:
    num_genes: 3000
- type: feature.cell
  params:
    out: feature.cell
    log_level: INFO
    split_name: train
  target: WeightedFeaturePCA
- type: graph.cell
  target: CellFeatureGraph
  params:
    cell_feature_channel: feature.cell
- type: misc
  target: SetConfig
  params:
    config_dict:
      label_channel: cell_type
",1.0,"step2:https://wandb.ai/xzy11632/dance-dev/sweeps/33jd0q61|step3:https://wandb.ai/xzy11632/dance-dev/sweeps/ku9nwjii,https://wandb.ai/xzy11632/dance-dev/sweeps/89eida4s,https://wandb.ai/xzy11632/dance-dev/sweeps/eawtnixc","- type: filter.gene
  target: FilterGenesScanpyOrder
  params:
    order:
    - min_counts
    - min_cells
    - max_counts
    - max_cells
    min_counts: 0.01
    max_counts: 0.99
    min_cells: 0.01
    max_cells: 0.99
- type: normalize
  target: Log1P
  params: {}
- type: filter.gene
  target: FilterGenesTopK
  params:
    num_genes: 3000
- type: feature.cell
  target: SCNFeature
- type: misc
  target: SetConfig
  params:
    config_dict:
      feature_channel: SCNFeature
      label_channel: cell_type
",1.0,all_total_runs:78|all_finished_runs:20|step2_total_runs:18|step2_finished_runs:5|step3_0_total_runs:20|step3_0_finished_runs:11|step3_1_total_runs:20|step3_1_finished_runs:1|step3_2_total_runs:20|step3_2_finished_runs:3|finished_rate:25.64%,True,"- type: filter.gene
  target: FilterGenesScanpyOrder
  params:
    order:
    - min_counts
    - min_cells
    - max_counts
    - max_cells
    min_counts: 0.01
    max_counts: 0.99
    min_cells: 0.01
    max_cells: 0.99
- type: normalize
  target: Log1P
  params: {}
- type: filter.gene
  target: FilterGenesTopK
  params:
    num_genes: 3000
- type: feature.cell
  target: SCNFeature
- type: misc
  target: SetConfig
  params:
    config_dict:
      feature_channel: SCNFeature
      label_channel: cell_type
",1.0,human,Pancreas,2100,train,train_human_Pancreas5a11f879-d1ef-458a-910c-9b0bdfca5ebf(Pancreas)_data.h5ad,https://www.dropbox.com/scl/fi/l437mlea7j4kndeuqmgfc/human_Pancreas5a11f879-d1ef-458a-910c-9b0bdfca5ebf-Pancreas-_data.h5ad?rlkey=hf9cp43iokqzr3zkt7xhji46o&st=f88xgl62&dl=1,5a11f879-d1ef-458a-910c-9b0bdfca5ebf
